Environment:
	Python: 3.8.13
	PyTorch: 1.8.1+cu111
	Torchvision: 0.9.1+cu111
	CUDA: 11.1
	CUDNN: 8005
	NumPy: 1.23.3
	PIL: 9.2.0
Args:
	algorithm: ERM_SDViT
	checkpoint_freq: None
	data_dir: ./domainbed/data/
	dataset: VLCS
	holdout_fraction: 0.2
	hparams: {"backbone":"DeitSmall","batch_size":32,"lr":5e-05,"resnet_dropout":0.0,"weight_decay":0.0}
	hparams_seed: 0
	output_dir: ./domainbed/VLCS/ERM_SDViT_ours/ERM_SDViT_ours_DeiT-small/baseline/02185018c5b288e8b6d28c51809fcdf2
	save_best_model: True
	save_model_every_checkpoint: False
	seed: 1150055444
	skip_model_save: False
	steps: None
	task: domain_generalization
	test_envs: [2]
	trial_seed: 0
	uda_holdout_fraction: 0
HParams:
	CutMix: False
	EMA: False
	EMA_decay: 0.999
	KL_Div_Temperature: 3.0
	RB_loss_weight: 0.5
	backbone: DeitSmall
	batch_size: 32
	class_balanced: False
	data_augmentation: True
	lr: 5e-05
	nonlinear_classifier: False
	resnet18: False
	resnet_dropout: 0.0
	test_env: [2]
	weight_decay: 0.0
device: cuda
Best model upto now
env0_in_acc   env0_out_acc  env1_in_acc   env1_out_acc  env2_in_acc   env2_out_acc  env3_in_acc   env3_out_acc  epoch         loss          mem_gb        step          step_time    
0.7385159011  0.7491166078  0.3642352941  0.3804143126  0.3495811120  0.3750000000  0.3228433913  0.3229629630  0.0000000000  1.5513973236  7.7879123688  0             0.9524149895 
Best model upto now
1.0000000000  1.0000000000  0.8564705882  0.7966101695  0.7753236862  0.7606707317  0.9507589782  0.8503703704  8.4805653710  0.4305868951  8.0368123055  300           0.4770004320 
Best model upto now
1.0000000000  1.0000000000  0.9501176471  0.7834274953  0.7543792841  0.7271341463  0.9825990374  0.8770370370  16.961130742  0.2625511510  8.0383839607  600           0.4622148546 
1.0000000000  1.0000000000  0.9788235294  0.7815442561  0.7414318355  0.7149390244  0.9925953351  0.8666666667  25.441696113  0.1920337726  8.0383839607  900           0.4589261365 
1.0000000000  1.0000000000  0.9840000000  0.7645951036  0.7810357959  0.7728658537  0.9959274343  0.8696296296  33.922261484  0.1673673157  8.0383839607  1200          0.6966566801 
1.0000000000  1.0000000000  0.9774117647  0.7476459510  0.7806549886  0.7652439024  0.9966679008  0.8533333333  42.402826855  0.1493813797  8.0383839607  1500          0.8432687600 
1.0000000000  1.0000000000  0.9896470588  0.7853107345  0.7513328256  0.7179878049  0.9951869678  0.8429629630  50.883392226  0.1383211219  8.0383839607  1800          0.8647831098 
1.0000000000  1.0000000000  0.9920000000  0.7627118644  0.7418126428  0.7286585366  0.9966679008  0.8562962963  59.363957597  0.1355962205  8.0383839607  2100          0.8438423578 
1.0000000000  1.0000000000  0.9854117647  0.7476459510  0.7208682407  0.7012195122  0.9922251018  0.8651851852  67.844522968  0.1388937011  8.0383839607  2400          0.8331476784 
1.0000000000  1.0000000000  0.9920000000  0.7551789077  0.7543792841  0.7286585366  0.9955572010  0.8533333333  76.325088339  0.1371057213  8.0383839607  2700          0.8315664736 
1.0000000000  1.0000000000  0.9952941176  0.7853107345  0.7513328256  0.7317073171  0.9970381340  0.8444444444  84.805653710  0.1200084425  8.0383839607  3000          0.8126422366 
1.0000000000  1.0000000000  0.9821176471  0.7815442561  0.7566641280  0.7225609756  0.9933358016  0.8444444444  93.286219081  0.1208096528  8.0383839607  3300          0.7932297389 
1.0000000000  0.9964664311  0.9920000000  0.7589453861  0.7547600914  0.7362804878  0.9977786005  0.8562962963  101.76678445  0.1213195773  8.0383839607  3600          0.7899220188 
1.0000000000  1.0000000000  0.9957647059  0.7683615819  0.7322924600  0.7027439024  0.9970381340  0.8414814815  110.24734982  0.1189823410  8.0383839607  3900          0.7765743057 
1.0000000000  1.0000000000  0.9976470588  0.7664783427  0.7570449353  0.7103658537  0.9988893003  0.8592592593  118.72791519  0.1148672032  8.0383839607  4200          0.7838221399 
1.0000000000  1.0000000000  0.9934117647  0.7777777778  0.7433358720  0.7042682927  0.9900037023  0.8222222222  127.20848056  0.1084078497  8.0383839607  4500          0.7810422619 
1.0000000000  0.9964664311  0.9952941176  0.7608286252  0.7524752475  0.7195121951  0.9944465013  0.8651851852  135.68904593  0.1073705864  8.0383839607  4800          0.8651331234 
1.0000000000  1.0000000000  0.9976470588  0.7664783427  0.7486671744  0.7118902439  0.9977786005  0.8488888889  141.34275618  0.1074795350  8.0383839607  5000          0.8635804462 
