Environment:
	Python: 3.8.13
	PyTorch: 1.8.1+cu111
	Torchvision: 0.9.1+cu111
	CUDA: 11.1
	CUDNN: 8005
	NumPy: 1.23.3
	PIL: 9.2.0
Args:
	algorithm: ERM_ViT
	checkpoint_freq: None
	data_dir: ./domainbed/data/
	dataset: VLCS
	holdout_fraction: 0.2
	hparams: {"backbone":"DeitSmall","batch_size":32,"lr":5e-05,"resnet_dropout":0.0,"weight_decay":0.0}
	hparams_seed: 0
	output_dir: ./domainbed/VLCS/ERM_ViT_ours/ERM_ViT_ours_DeiT-small/baseline/440be160692ea285dc7848fc30f74363
	save_best_model: True
	save_model_every_checkpoint: False
	seed: 243876379
	skip_model_save: False
	steps: None
	task: domain_generalization
	test_envs: [0]
	trial_seed: 2
	uda_holdout_fraction: 0
HParams:
	CutMix: False
	EMA: False
	EMA_decay: 0.999
	backbone: DeitSmall
	batch_size: 32
	class_balanced: False
	data_augmentation: True
	lr: 5e-05
	nonlinear_classifier: False
	resnet18: False
	resnet_dropout: 0.0
	test_env: [0]
	weight_decay: 0.0
device: cuda
Best model upto now
env0_in_acc   env0_out_acc  env1_in_acc   env1_out_acc  env2_in_acc   env2_out_acc  env3_in_acc   env3_out_acc  epoch         loss          mem_gb        step          step_time    
0.4593639576  0.4416961131  0.4677647059  0.4839924670  0.3895658797  0.3734756098  0.3317289893  0.3392592593  0.0000000000  1.6383110285  7.7879123688  0             2.5388565063 
Best model upto now
0.9761484099  0.9646643110  0.8414117647  0.7551789077  0.9234577304  0.8292682927  0.9463161792  0.8962962963  8.4805653710  0.4210550715  8.0368123055  300           1.0505319929 
0.9505300353  0.9222614841  0.9421176471  0.7608286252  0.9478293983  0.7957317073  0.9666790078  0.8770370370  16.961130742  0.1948151667  8.0383839607  600           0.6194462371 
0.9611307420  0.9434628975  0.9647058824  0.7871939736  0.9813404417  0.8079268293  0.9888930026  0.8785185185  25.441696113  0.0986164892  8.0383839607  900           0.4154292440 
0.9708480565  0.9469964664  0.9811764706  0.7608286252  0.9874333587  0.8185975610  0.9922251018  0.8651851852  33.922261484  0.0487718859  8.0383839607  1200          0.4127697968 
0.9690812721  0.9575971731  0.9830588235  0.7514124294  0.9927646611  0.8079268293  0.9937060348  0.8800000000  42.402826855  0.0354506981  8.0383839607  1500          0.3960507139 
0.9637809187  0.9328621908  0.9905882353  0.7514124294  0.9969535415  0.8079268293  0.9940762680  0.8622222222  50.883392226  0.0308529297  8.0383839607  1800          0.4065225077 
0.9531802120  0.9222614841  0.9929411765  0.7495291902  0.9942878903  0.8018292683  0.9933358016  0.8681481481  59.363957597  0.0246403406  8.0383839607  2100          0.4063372048 
0.9681978799  0.9505300353  0.9835294118  0.7683615819  0.9958111196  0.8125000000  0.9944465013  0.8725925926  67.844522968  0.0242492960  8.0383839607  2400          0.4090733337 
0.9540636042  0.9328621908  0.9948235294  0.7532956685  0.9954303123  0.8216463415  0.9959274343  0.8681481481  76.325088339  0.0217456183  8.0383839607  2700          0.4139863801 
0.9690812721  0.9611307420  0.9952941176  0.7664783427  0.9950495050  0.8109756098  0.9955572010  0.8577777778  84.805653710  0.0186276025  8.0383839607  3000          0.4150813278 
0.9673144876  0.9434628975  0.9929411765  0.7740112994  0.9946686976  0.8079268293  0.9962976675  0.8651851852  93.286219081  0.0168059479  8.0383839607  3300          0.4089028605 
0.9876325088  0.9681978799  0.9962352941  0.7683615819  0.9954303123  0.7987804878  0.9970381340  0.8800000000  101.76678445  0.0185116693  8.0383839607  3600          0.4081621242 
0.9637809187  0.9505300353  0.9938823529  0.7627118644  0.9946686976  0.8079268293  0.9977786005  0.8681481481  110.24734982  0.0160218952  8.0383839607  3900          0.4173488752 
0.9717314488  0.9681978799  0.9967058824  0.7589453861  0.9961919269  0.8262195122  0.9974083673  0.8651851852  118.72791519  0.0159421709  8.0383839607  4200          0.3985005109 
0.9673144876  0.9611307420  0.9962352941  0.7551789077  0.9965727342  0.8170731707  0.9955572010  0.8592592593  127.20848056  0.0118359828  8.0383839607  4500          0.4133050028 
0.9761484099  0.9646643110  0.9990588235  0.7570621469  0.9992383854  0.8262195122  0.9974083673  0.8696296296  135.68904593  0.0124803979  8.0383839607  4800          0.4184973351 
0.9752650177  0.9646643110  0.9924705882  0.7740112994  0.9954303123  0.8064024390  0.9966679008  0.8577777778  141.34275618  0.0097111668  8.0383839607  5000          0.4420226693 
