Environment:
	Python: 3.8.13
	PyTorch: 1.8.1+cu111
	Torchvision: 0.9.1+cu111
	CUDA: 11.1
	CUDNN: 8005
	NumPy: 1.23.3
	PIL: 9.2.0
Args:
	algorithm: ERM_SDViT
	checkpoint_freq: None
	data_dir: ./domainbed/data/
	dataset: PACS
	holdout_fraction: 0.2
	hparams: {"backbone":"DeitSmall","batch_size":32,"lr":5e-05,"resnet_dropout":0.0,"weight_decay":0.0,"CutMix":"True"}
	hparams_seed: 0
	output_dir: ./domainbed/PACS/ERM_SDViT_Deit-S/CutMix/cf0761b0705d6e6600db7ec584d4b31d
	save_best_model: True
	save_model_every_checkpoint: False
	seed: 35726828
	skip_model_save: False
	steps: None
	task: domain_generalization
	test_envs: [1]
	trial_seed: 0
	uda_holdout_fraction: 0
HParams:
	CutMix: True
	EMA: False
	EMA_decay: 0.999
	KL_Div_Temperature: 3.0
	RB_loss_weight: 0.5
	backbone: DeitSmall
	batch_size: 32
	class_balanced: False
	data_augmentation: True
	lr: 5e-05
	nonlinear_classifier: False
	resnet18: False
	resnet_dropout: 0.0
	test_env: [1]
	weight_decay: 0.0
device: cuda
Best model upto now
env0_in_acc   env0_out_acc  env1_in_acc   env1_out_acc  env2_in_acc   env2_out_acc  env3_in_acc   env3_out_acc  epoch         loss          mem_gb        step          step_time    
0.2202562538  0.2151589242  0.1711087420  0.1645299145  0.3353293413  0.3353293413  0.2137404580  0.2114649682  0.0000000000  2.0342376232  7.7879266739  0             0.8191022873 
Best model upto now
0.9896278218  0.9657701711  0.7835820896  0.7884615385  0.9977544910  0.9760479042  0.9522900763  0.9388535032  7.1856287425  0.6789981365  8.0368371010  300           0.3556743948 
0.9945088469  0.9559902200  0.7873134328  0.8034188034  1.0000000000  0.9850299401  0.9758269720  0.9375796178  14.371257485  0.4954045117  8.0384087563  600           0.4113848495 
Best model upto now
0.9975594875  0.9706601467  0.8043710021  0.8162393162  0.9992514970  0.9880239521  0.9825063613  0.9605095541  21.556886227  0.5095690460  8.0384087563  900           0.4267603278 
0.9981696156  0.9608801956  0.8070362473  0.8162393162  1.0000000000  0.9880239521  0.9856870229  0.9579617834  28.742514970  0.4645610896  8.0384087563  1200          0.4252784141 
0.9993898719  0.9657701711  0.8065031983  0.8226495726  1.0000000000  0.9850299401  0.9933206107  0.9477707006  35.928143712  0.4226550491  8.0384087563  1500          0.4309407298 
0.9993898719  0.9608801956  0.8086353945  0.8226495726  1.0000000000  0.9790419162  0.9891857506  0.9541401274  43.113772455  0.4528785324  8.0384087563  1800          0.4315830572 
Best model upto now
0.9993898719  0.9706601467  0.8166311301  0.8183760684  1.0000000000  0.9880239521  0.9952290076  0.9668789809  50.299401197  0.4298596459  8.0384087563  2100          0.4299356127 
Best model upto now
1.0000000000  0.9706601467  0.8347547974  0.8461538462  1.0000000000  0.9880239521  0.9996819338  0.9707006369  57.485029940  0.4133468915  8.0398278236  2400          0.4304465238 
1.0000000000  0.9584352078  0.8075692964  0.8162393162  1.0000000000  0.9880239521  0.9945928753  0.9566878981  64.670658682  0.3890514539  8.0398278236  2700          0.4278863653 
0.9993898719  0.9535452323  0.8033049041  0.8141025641  1.0000000000  0.9850299401  0.9980916031  0.9643312102  71.856287425  0.4186397257  8.0398278236  3000          0.4272360746 
0.9987797437  0.9633251834  0.8544776119  0.8675213675  1.0000000000  0.9910179641  0.9977735369  0.9681528662  79.041916167  0.4099370869  8.0398278236  3300          0.4263087996 
1.0000000000  0.9657701711  0.7969083156  0.8034188034  1.0000000000  0.9820359281  0.9968193384  0.9643312102  86.227544910  0.4064501738  8.0398278236  3600          0.4313546562 
0.9993898719  0.9535452323  0.8374200426  0.8418803419  1.0000000000  0.9940119760  0.9987277354  0.9617834395  93.413173652  0.3983619723  8.0398278236  3900          0.4344657199 
1.0000000000  0.9559902200  0.8224946695  0.8226495726  1.0000000000  0.9850299401  0.9996819338  0.9643312102  100.59880239  0.3942163764  8.0398278236  4200          0.4261938818 
0.9993898719  0.9633251834  0.8283582090  0.8504273504  1.0000000000  0.9850299401  0.9965012723  0.9643312102  107.78443113  0.3901343282  8.0398278236  4500          0.4317052205 
1.0000000000  0.9706601467  0.8070362473  0.8183760684  1.0000000000  0.9820359281  0.9993638677  0.9707006369  114.97005988  0.3985721536  8.0398278236  4800          0.4314952151 
1.0000000000  0.9706601467  0.8219616205  0.8311965812  1.0000000000  0.9790419162  0.9977735369  0.9668789809  119.76047904  0.3727937410  8.0398278236  5000          0.4449231231 
