Environment:
	Python: 3.8.13
	PyTorch: 1.8.1+cu111
	Torchvision: 0.9.1+cu111
	CUDA: 11.1
	CUDNN: 8005
	NumPy: 1.23.3
	PIL: 9.2.0
Args:
	algorithm: ERM_ViT
	checkpoint_freq: None
	data_dir: ./domainbed/data/
	dataset: VLCS
	holdout_fraction: 0.2
	hparams: {"backbone":"DeitSmall","batch_size":32,"lr":5e-05,"resnet_dropout":0.0,"weight_decay":0.0,"CutMix":"True"}
	hparams_seed: 0
	output_dir: ./domainbed/VLCS/ERM_ViT_ours/ERM_ViT_ours_DeiT-small/CutMix/5eb4467ce438269b7b44a2c9422f0f5f
	save_best_model: True
	save_model_every_checkpoint: False
	seed: 1598537517
	skip_model_save: False
	steps: None
	task: domain_generalization
	test_envs: [3]
	trial_seed: 2
	uda_holdout_fraction: 0
HParams:
	CutMix: True
	EMA: False
	EMA_decay: 0.999
	backbone: DeitSmall
	batch_size: 32
	class_balanced: False
	data_augmentation: True
	lr: 5e-05
	nonlinear_classifier: False
	resnet18: False
	resnet_dropout: 0.0
	test_env: [3]
	weight_decay: 0.0
device: cuda
Best model upto now
env0_in_acc   env0_out_acc  env1_in_acc   env1_out_acc  env2_in_acc   env2_out_acc  env3_in_acc   env3_out_acc  epoch         loss          mem_gb        step          step_time    
0.3754416961  0.3710247350  0.3167058824  0.3276836158  0.2886519421  0.2972560976  0.2373195113  0.2577777778  0.0000000000  1.7332642078  7.7876243591  0             1.5768487453 
Best model upto now
1.0000000000  0.9929328622  0.8461176471  0.7721280603  0.9108910891  0.8185975610  0.7860051833  0.7837037037  8.4805653710  0.5241327761  8.0348458290  300           0.8192159494 
1.0000000000  1.0000000000  0.9044705882  0.7627118644  0.9615384615  0.8109756098  0.7730470196  0.7688888889  16.961130742  0.4031200510  8.0380959511  600           0.8077674802 
Best model upto now
1.0000000000  0.9964664311  0.9482352941  0.7947269303  0.9733434882  0.8185975610  0.7852647168  0.7837037037  25.441696113  0.3396850187  8.0380959511  900           0.8083666698 
0.9991166078  1.0000000000  0.9623529412  0.7758945386  0.9847677075  0.8109756098  0.7611995557  0.7674074074  33.922261484  0.3105100069  8.0380959511  1200          0.8017603445 
1.0000000000  1.0000000000  0.9849411765  0.7834274953  0.9935262757  0.8262195122  0.7852647168  0.7822222222  42.402826855  0.2708903421  8.0380959511  1500          0.8678279718 
1.0000000000  1.0000000000  0.9849411765  0.7664783427  0.9939070830  0.8048780488  0.7730470196  0.7762962963  50.883392226  0.2560081501  8.0380959511  1800          0.8354777996 
1.0000000000  1.0000000000  0.9924705882  0.7815442561  0.9980959634  0.8033536585  0.7719363199  0.7659259259  59.363957597  0.2555676173  8.0380959511  2100          0.8270104750 
1.0000000000  1.0000000000  0.9962352941  0.7532956685  0.9946686976  0.8079268293  0.7737874861  0.7644444444  67.844522968  0.2355208514  8.0380959511  2400          0.7814423076 
1.0000000000  1.0000000000  0.9943529412  0.7740112994  0.9950495050  0.8033536585  0.7652721214  0.7733333333  76.325088339  0.2365704928  8.0380959511  2700          0.7574455420 
1.0000000000  1.0000000000  0.9971764706  0.7777777778  0.9977151561  0.8079268293  0.7623102555  0.7777777778  84.805653710  0.2604077210  8.0380959511  3000          0.7039915323 
0.9991166078  1.0000000000  0.9981176471  0.7740112994  0.9965727342  0.8140243902  0.7593483895  0.7674074074  93.286219081  0.2470305817  8.0380959511  3300          0.7046188951 
1.0000000000  1.0000000000  0.9962352941  0.7815442561  0.9980959634  0.8216463415  0.7637911884  0.7777777778  101.76678445  0.2324624346  8.0380959511  3600          0.7851417065 
1.0000000000  0.9964664311  0.9971764706  0.7834274953  0.9992383854  0.7942073171  0.7756386524  0.7925925926  110.24734982  0.2366331425  8.0380959511  3900          0.7834171565 
1.0000000000  1.0000000000  0.9948235294  0.7664783427  0.9984767708  0.8079268293  0.7678637542  0.7748148148  118.72791519  0.2382626920  8.0380959511  4200          0.7750466959 
1.0000000000  0.9964664311  0.9981176471  0.7834274953  0.9973343488  0.8094512195  0.7678637542  0.7718518519  127.20848056  0.2339744300  8.0380959511  4500          0.8060958314 
1.0000000000  1.0000000000  0.9967058824  0.7532956685  0.9977151561  0.8185975610  0.7245464643  0.7585185185  135.68904593  0.2464380440  8.0380959511  4800          0.8434535909 
1.0000000000  1.0000000000  0.9985882353  0.7589453861  0.9992383854  0.8140243902  0.7204738986  0.7348148148  141.34275618  0.2033759414  8.0380959511  5000          0.8534276116 
