Environment:
	Python: 3.8.13
	PyTorch: 1.8.1+cu111
	Torchvision: 0.9.1+cu111
	CUDA: 11.1
	CUDNN: 8005
	NumPy: 1.23.3
	PIL: 9.2.0
Args:
	algorithm: ERM_SDViT
	checkpoint_freq: None
	data_dir: ./domainbed/data/
	dataset: VLCS
	holdout_fraction: 0.2
	hparams: {"backbone":"DeitSmall","batch_size":32,"lr":5e-05,"resnet_dropout":0.0,"weight_decay":0.0,"CutMix":"True"}
	hparams_seed: 0
	output_dir: ./domainbed/VLCS/ERM_SDViT_ours/ERM_SDViT_ours_DeiT-small/CutMix/57dc5a28e9352a6bdadd3fc09f0725b0
	save_best_model: True
	save_model_every_checkpoint: False
	seed: 884598855
	skip_model_save: False
	steps: None
	task: domain_generalization
	test_envs: [0]
	trial_seed: 1
	uda_holdout_fraction: 0
HParams:
	CutMix: True
	EMA: False
	EMA_decay: 0.999
	KL_Div_Temperature: 3.0
	RB_loss_weight: 0.5
	backbone: DeitSmall
	batch_size: 32
	class_balanced: False
	data_augmentation: True
	lr: 5e-05
	nonlinear_classifier: False
	resnet18: False
	resnet_dropout: 0.0
	test_env: [0]
	weight_decay: 0.0
device: cuda
Best model upto now
env0_in_acc   env0_out_acc  env1_in_acc   env1_out_acc  env2_in_acc   env2_out_acc  env3_in_acc   env3_out_acc  epoch         loss          mem_gb        step          step_time    
0.1280918728  0.1342756184  0.3807058824  0.3578154426  0.2913175933  0.2835365854  0.2276934469  0.2207407407  0.0000000000  1.9135140181  7.7879123688  0             1.1129114628 
Best model upto now
0.9726148410  0.9681978799  0.8160000000  0.7514124294  0.8747143945  0.8353658537  0.9192891522  0.8562962963  8.4805653710  0.7402609819  8.0368142128  300           0.8087761211 
Best model upto now
0.9681978799  0.9646643110  0.8752941176  0.7476459510  0.9352627570  0.8399390244  0.9644576083  0.8770370370  16.961130742  0.5877152561  8.0383858681  600           0.8150615112 
Best model upto now
0.9681978799  0.9681978799  0.9303529412  0.7645951036  0.9623000762  0.8292682927  0.9803776379  0.8711111111  25.441696113  0.4895753669  8.0383858681  900           0.8137316362 
Best model upto now
0.9770318021  0.9717314488  0.9632941176  0.7702448211  0.9786747906  0.8445121951  0.9888930026  0.8666666667  33.922261484  0.4600509489  8.0383858681  1200          0.8213871686 
0.9734982332  0.9717314488  0.9755294118  0.7608286252  0.9916222391  0.8490853659  0.9918548686  0.8696296296  42.402826855  0.4367713320  8.0383858681  1500          0.8532534798 
0.9805653710  0.9752650177  0.9872941176  0.7683615819  0.9946686976  0.8368902439  0.9970381340  0.8518518519  50.883392226  0.4149871026  8.0383858681  1800          0.8539610783 
0.9832155477  0.9823321555  0.9929411765  0.7514124294  0.9954303123  0.8246951220  0.9981488338  0.8488888889  59.363957597  0.4024517739  8.0383858681  2100          0.8432840776 
0.9805653710  0.9893992933  0.9952941176  0.7551789077  0.9965727342  0.8429878049  0.9959274343  0.8607407407  67.844522968  0.3968746379  8.0383858681  2400          0.8191253273 
0.9752650177  0.9858657244  0.9915294118  0.7476459510  0.9992383854  0.8307926829  0.9974083673  0.8533333333  76.325088339  0.3869723703  8.0383858681  2700          0.8129477835 
0.9823321555  0.9893992933  0.9934117647  0.7627118644  0.9954303123  0.8414634146  0.9977786005  0.8711111111  84.805653710  0.3749218737  8.0383858681  3000          0.8051282350 
0.9814487633  0.9823321555  0.9891764706  0.7306967985  0.9977151561  0.8231707317  0.9977786005  0.8444444444  93.286219081  0.3711595287  8.0383858681  3300          0.8017973359 
0.9726148410  0.9823321555  0.9985882353  0.7532956685  0.9984767708  0.8475609756  0.9988893003  0.8429629630  101.76678445  0.3743736240  8.0383858681  3600          0.8011636265 
0.9717314488  0.9646643110  0.9985882353  0.7608286252  0.9984767708  0.8445121951  0.9977786005  0.8488888889  110.24734982  0.3807696249  8.0383858681  3900          0.8216793776 
0.9840989399  0.9717314488  0.9943529412  0.7589453861  0.9977151561  0.8231707317  0.9985190670  0.8666666667  118.72791519  0.3613681983  8.0383858681  4200          0.8457079244 
0.9734982332  0.9893992933  0.9990588235  0.7702448211  0.9973343488  0.8338414634  0.9988893003  0.8577777778  127.20848056  0.3550882016  8.0383858681  4500          0.5670327369 
0.9752650177  0.9787985866  0.9981176471  0.7551789077  0.9996191927  0.8368902439  0.9996297668  0.8385185185  135.68904593  0.3660177571  8.0383858681  4800          0.6281553888 
0.9752650177  0.9823321555  0.9957647059  0.7495291902  0.9977151561  0.8399390244  0.9992595335  0.8696296296  141.34275618  0.3301622925  8.0383858681  5000          0.6570471978 
