Environment:
	Python: 3.8.13
	PyTorch: 1.8.1+cu111
	Torchvision: 0.9.1+cu111
	CUDA: 11.1
	CUDNN: 8005
	NumPy: 1.23.3
	PIL: 9.2.0
Args:
	algorithm: ERM_SDViT
	checkpoint_freq: None
	data_dir: ./domainbed/data/
	dataset: PACS
	holdout_fraction: 0.2
	hparams: {"backbone":"DeitSmall","batch_size":32,"lr":5e-05,"resnet_dropout":0.0,"weight_decay":0.0}
	hparams_seed: 0
	output_dir: ./domainbed/PACS/ERM_SDViT_Deit-S/baseline/76047404194e3033fffc788e862ae6aa
	save_best_model: True
	save_model_every_checkpoint: False
	seed: 522208899
	skip_model_save: False
	steps: None
	task: domain_generalization
	test_envs: [0]
	trial_seed: 2
	uda_holdout_fraction: 0
HParams:
	CutMix: False
	EMA: False
	EMA_decay: 0.999
	KL_Div_Temperature: 3.0
	RB_loss_weight: 0.5
	backbone: DeitSmall
	batch_size: 32
	class_balanced: False
	data_augmentation: True
	lr: 5e-05
	nonlinear_classifier: False
	resnet18: False
	resnet_dropout: 0.0
	test_env: [0]
	weight_decay: 0.0
device: cuda
Best model upto now
env0_in_acc   env0_out_acc  env1_in_acc   env1_out_acc  env2_in_acc   env2_out_acc  env3_in_acc   env3_out_acc  epoch         loss          mem_gb        step          step_time    
0.2574740696  0.2078239609  0.2478678038  0.2307692308  0.3802395210  0.3712574850  0.1927480916  0.2076433121  0.0000000000  2.0063209534  7.7879266739  0             0.6513466835 
Best model upto now
0.8694325808  0.8801955990  0.9904051173  0.9572649573  0.9977544910  0.9970059880  0.9707379135  0.9312101911  7.1856287425  0.3529694152  8.0368351936  300           0.3581232031 
0.8676021965  0.8704156479  0.9968017058  0.9679487179  1.0000000000  0.9850299401  0.9710559796  0.9197452229  14.371257485  0.1997720914  8.0384068489  600           0.4156662353 
0.8913971934  0.8801955990  0.9941364606  0.9722222222  1.0000000000  0.9880239521  0.9672391858  0.9210191083  21.556886227  0.1750110008  8.0384068489  900           0.4433248893 
Best model upto now
0.8822452715  0.8753056235  0.9957356077  0.9743589744  1.0000000000  0.9970059880  0.9895038168  0.9464968153  28.742514970  0.1611168765  8.0384068489  1200          0.4486858884 
0.8840756559  0.8581907090  0.9984008529  0.9700854701  0.9992514970  0.9940119760  0.9952290076  0.9350318471  35.928143712  0.1625331710  8.0384068489  1500          0.4500646234 
0.8547895058  0.8508557457  0.9973347548  0.9551282051  0.9992514970  0.9940119760  0.9847328244  0.9235668790  43.113772455  0.1471775565  8.0384068489  1800          0.4501727692 
0.8773642465  0.8801955990  0.9989339019  0.9722222222  0.9970059880  0.9880239521  0.9971374046  0.9528662420  50.299401197  0.1354598695  8.0384068489  2100          0.4488012171 
0.8834655278  0.8753056235  0.9989339019  0.9722222222  1.0000000000  0.9730538922  0.9968193384  0.9477707006  57.485029940  0.1229429048  8.0384068489  2400          0.4440448626 
0.8938377059  0.8826405868  0.9973347548  0.9743589744  1.0000000000  0.9850299401  0.9958651399  0.9426751592  64.670658682  0.1226120114  8.0384068489  2700          0.4463579591 
Best model upto now
0.8608907871  0.8801955990  0.9989339019  0.9829059829  1.0000000000  0.9910179641  0.9987277354  0.9477707006  71.856287425  0.1175662371  8.0384068489  3000          0.4454679974 
0.8895668090  0.8948655257  0.9984008529  0.9594017094  0.9985029940  0.9880239521  0.9914122137  0.9401273885  79.041916167  0.1205755281  8.0384068489  3300          0.4483328112 
0.8700427090  0.8728606357  1.0000000000  0.9679487179  1.0000000000  0.9940119760  0.9958651399  0.9375796178  86.227544910  0.1113221279  8.0384068489  3600          0.4510668524 
0.8541793777  0.8704156479  0.9968017058  0.9722222222  1.0000000000  0.9790419162  0.9968193384  0.9401273885  93.413173652  0.1076714142  8.0384068489  3900          0.4498497279 
0.8749237340  0.8850855746  1.0000000000  0.9829059829  1.0000000000  0.9790419162  0.9955470738  0.9375796178  100.59880239  0.1037803615  8.0384068489  4200          0.4516738168 
0.8822452715  0.8850855746  0.9994669510  0.9679487179  1.0000000000  0.9850299401  0.9990458015  0.9490445860  107.78443113  0.1044243449  8.0384068489  4500          0.4537152751 
0.8663819402  0.8484107579  0.9989339019  0.9871794872  1.0000000000  0.9880239521  0.9980916031  0.9452229299  114.97005988  0.1015413189  8.0384068489  4800          0.4549771833 
0.8608907871  0.8606356968  1.0000000000  0.9786324786  0.9992514970  0.9850299401  0.9984096692  0.9464968153  119.76047904  0.0989903985  8.0384068489  5000          0.4532454479 
