Environment:
	Python: 3.8.13
	PyTorch: 1.8.1+cu111
	Torchvision: 0.9.1+cu111
	CUDA: 11.1
	CUDNN: 8005
	NumPy: 1.23.3
	PIL: 9.2.0
Args:
	algorithm: ERM_ViT
	checkpoint_freq: None
	data_dir: ./domainbed/data/
	dataset: VLCS
	holdout_fraction: 0.2
	hparams: {"backbone":"DeitSmall","batch_size":32,"lr":5e-05,"resnet_dropout":0.0,"weight_decay":0.0}
	hparams_seed: 0
	output_dir: ./domainbed/VLCS/ERM_ViT_ours/ERM_ViT_ours_DeiT-small/baseline/4d2a102cbc1f91830a464179f346d8d9
	save_best_model: True
	save_model_every_checkpoint: False
	seed: 610973825
	skip_model_save: False
	steps: None
	task: domain_generalization
	test_envs: [3]
	trial_seed: 1
	uda_holdout_fraction: 0
HParams:
	CutMix: False
	EMA: False
	EMA_decay: 0.999
	backbone: DeitSmall
	batch_size: 32
	class_balanced: False
	data_augmentation: True
	lr: 5e-05
	nonlinear_classifier: False
	resnet18: False
	resnet_dropout: 0.0
	test_env: [3]
	weight_decay: 0.0
device: cuda
Best model upto now
env0_in_acc   env0_out_acc  env1_in_acc   env1_out_acc  env2_in_acc   env2_out_acc  env3_in_acc   env3_out_acc  epoch         loss          mem_gb        step          step_time    
0.6484098940  0.6819787986  0.2880000000  0.2843691149  0.3088347296  0.3475609756  0.2043687523  0.2222222222  0.0000000000  1.8538742065  7.7879123688  0             2.7363345623 
Best model upto now
1.0000000000  0.9964664311  0.8748235294  0.7551789077  0.9261233816  0.8064024390  0.7430581266  0.7407407407  8.4805653710  0.3266497401  8.0368123055  300           0.9457849264 
Best model upto now
1.0000000000  1.0000000000  0.9472941176  0.7514124294  0.9672505712  0.8125000000  0.7571269900  0.7377777778  16.961130742  0.1452953965  8.0383839607  600           0.8193378448 
1.0000000000  0.9964664311  0.9741176471  0.7288135593  0.9870525514  0.8262195122  0.7834135505  0.7600000000  25.441696113  0.0656572727  8.0383839607  900           0.4554923280 
0.9991166078  0.9964664311  0.9783529412  0.7363465160  0.9916222391  0.8246951220  0.7608293225  0.7644444444  33.922261484  0.0422195680  8.0383839607  1200          0.4419799296 
1.0000000000  0.9929328622  0.9901176471  0.7363465160  0.9946686976  0.8292682927  0.7500925583  0.7303703704  42.402826855  0.0250804690  8.0383839607  1500          0.4068097838 
1.0000000000  0.9964664311  0.9877647059  0.7532956685  0.9859101295  0.7972560976  0.7556460570  0.7318518519  50.883392226  0.0252336120  8.0383839607  1800          0.4315128128 
Best model upto now
1.0000000000  1.0000000000  0.9920000000  0.7608286252  0.9954303123  0.8109756098  0.7615697890  0.7674074074  59.363957597  0.0162467838  8.0383839607  2100          0.4024683603 
Best model upto now
1.0000000000  1.0000000000  0.9948235294  0.7514124294  0.9977151561  0.8292682927  0.7515734913  0.7511111111  67.844522968  0.0132336198  8.0383839607  2400          0.4235151641 
1.0000000000  0.9964664311  0.9934117647  0.7250470810  0.9958111196  0.8277439024  0.7619400222  0.7659259259  76.325088339  0.0139091661  8.0383839607  2700          0.4065446138 
1.0000000000  0.9964664311  0.9957647059  0.7664783427  0.9939070830  0.8048780488  0.7563865235  0.7451851852  84.805653710  0.0121242866  8.0383839607  3000          0.4134306423 
0.9991166078  0.9893992933  0.9872941176  0.7476459510  0.9958111196  0.8246951220  0.7663828212  0.7614814815  93.286219081  0.0133606763  8.0383839607  3300          0.4128146156 
1.0000000000  0.9964664311  0.9967058824  0.7532956685  0.9958111196  0.8185975610  0.7504627916  0.7259259259  101.76678445  0.0126441003  8.0383839607  3600          0.4129386489 
1.0000000000  1.0000000000  0.9957647059  0.7627118644  0.9992383854  0.8048780488  0.7526841910  0.7451851852  110.24734982  0.0086562727  8.0383839607  3900          0.4239120277 
Best model upto now
1.0000000000  0.9964664311  0.9967058824  0.7664783427  0.9954303123  0.8246951220  0.7412069604  0.7451851852  118.72791519  0.0115669424  8.0383839607  4200          0.4106097237 
1.0000000000  0.9964664311  0.9971764706  0.7495291902  0.9980959634  0.8170731707  0.7471306923  0.7362962963  127.20848056  0.0087212429  8.0397419930  4500          0.4249998482 
1.0000000000  0.9964664311  0.9924705882  0.7551789077  0.9904798172  0.8003048780  0.7597186227  0.7585185185  135.68904593  0.0145719119  8.0397419930  4800          0.4153139369 
1.0000000000  0.9929328622  0.9985882353  0.7476459510  0.9965727342  0.8109756098  0.7704553869  0.7555555556  141.34275618  0.0111701425  8.0397419930  5000          0.4370071983 
