Environment:
	Python: 3.8.13
	PyTorch: 1.8.1+cu111
	Torchvision: 0.9.1+cu111
	CUDA: 11.1
	CUDNN: 8005
	NumPy: 1.23.3
	PIL: 9.2.0
Args:
	algorithm: ERM_SDViT
	checkpoint_freq: None
	data_dir: ./domainbed/data/
	dataset: VLCS
	holdout_fraction: 0.2
	hparams: {"backbone":"DeitSmall","batch_size":32,"lr":5e-05,"resnet_dropout":0.0,"weight_decay":0.0}
	hparams_seed: 0
	output_dir: ./domainbed/VLCS/ERM_SDViT_ours/ERM_SDViT_ours_DeiT-small/baseline/75acedb05f6064b0ce0c2e12e2b70a2d
	save_best_model: True
	save_model_every_checkpoint: False
	seed: 884598855
	skip_model_save: False
	steps: None
	task: domain_generalization
	test_envs: [0]
	trial_seed: 1
	uda_holdout_fraction: 0
HParams:
	CutMix: False
	EMA: False
	EMA_decay: 0.999
	KL_Div_Temperature: 3.0
	RB_loss_weight: 0.5
	backbone: DeitSmall
	batch_size: 32
	class_balanced: False
	data_augmentation: True
	lr: 5e-05
	nonlinear_classifier: False
	resnet18: False
	resnet_dropout: 0.0
	test_env: [0]
	weight_decay: 0.0
device: cuda
Best model upto now
env0_in_acc   env0_out_acc  env1_in_acc   env1_out_acc  env2_in_acc   env2_out_acc  env3_in_acc   env3_out_acc  epoch         loss          mem_gb        step          step_time    
0.1280918728  0.1342756184  0.3807058824  0.3578154426  0.2913175933  0.2835365854  0.2276934469  0.2207407407  0.0000000000  1.9135140181  7.7879123688  0             1.9947304726 
Best model upto now
0.9664310954  0.9752650177  0.8202352941  0.7401129944  0.9002284844  0.8429878049  0.9459459459  0.8637037037  8.4805653710  0.5557938023  8.0368123055  300           0.4745392664 
Best model upto now
0.9620141343  0.9681978799  0.9105882353  0.7514124294  0.9607768469  0.8292682927  0.9785264717  0.8681481481  16.961130742  0.3520574170  8.0383839607  600           0.4597794286 
Best model upto now
0.9664310954  0.9646643110  0.9647058824  0.7664783427  0.9782939832  0.8429878049  0.9888930026  0.8666666667  25.441696113  0.2514885656  8.0390095711  900           0.4568338680 
0.9840989399  0.9823321555  0.9844705882  0.7570621469  0.9878141660  0.8307926829  0.9925953351  0.8681481481  33.922261484  0.2023287747  8.0390095711  1200          0.6693777887 
0.9761484099  0.9717314488  0.9858823529  0.7438794727  0.9847677075  0.8201219512  0.9959274343  0.8518518519  42.402826855  0.1854984673  8.0390095711  1500          0.8233151937 
0.9734982332  0.9752650177  0.9764705882  0.7495291902  0.9920030465  0.8399390244  0.9955572010  0.8548148148  50.883392226  0.1783444672  8.0390095711  1800          0.8324903353 
0.9752650177  0.9717314488  0.9882352941  0.7325800377  0.9958111196  0.8185975610  0.9962976675  0.8607407407  59.363957597  0.1721616259  8.0390095711  2100          0.8176804082 
0.9805653710  0.9787985866  0.9863529412  0.7514124294  0.9900990099  0.8170731707  0.9940762680  0.8503703704  67.844522968  0.1611004824  8.0390095711  2400          0.8074509867 
0.9787985866  0.9752650177  0.9840000000  0.7589453861  0.9836252856  0.8323170732  0.9870418364  0.8311111111  76.325088339  0.1594508636  8.0390095711  2700          0.8341188320 
0.9708480565  0.9717314488  0.9882352941  0.7532956685  0.9942878903  0.8064024390  0.9955572010  0.8444444444  84.805653710  0.1559139624  8.0390095711  3000          0.8141264407 
0.9779151943  0.9752650177  0.9910588235  0.7363465160  0.9961919269  0.8399390244  0.9962976675  0.8488888889  93.286219081  0.1588433717  8.0390095711  3300          0.7965643827 
0.9699646643  0.9717314488  0.9962352941  0.7250470810  0.9969535415  0.8079268293  0.9955572010  0.8607407407  101.76678445  0.1534685620  8.0390095711  3600          0.7834144028 
0.9832155477  0.9752650177  0.9929411765  0.7193973635  0.9961919269  0.8216463415  0.9970381340  0.8637037037  110.24734982  0.1497723058  8.0390095711  3900          0.7924009713 
0.9531802120  0.9611307420  0.9943529412  0.7457627119  0.9923838538  0.8125000000  0.9922251018  0.8548148148  118.72791519  0.1433909733  8.0390095711  4200          0.7958385738 
0.9770318021  0.9752650177  0.9985882353  0.7532956685  0.9969535415  0.8216463415  0.9977786005  0.8429629630  127.20848056  0.1367090579  8.0390095711  4500          0.7880281258 
0.9787985866  0.9787985866  0.9887058824  0.7419962335  0.9961919269  0.8094512195  0.9962976675  0.8488888889  135.68904593  0.1424034469  8.0390095711  4800          0.8307109261 
0.9840989399  0.9787985866  0.9967058824  0.7325800377  0.9969535415  0.8277439024  0.9966679008  0.8444444444  141.34275618  0.1412553838  8.0390095711  5000          0.8953390241 
