Environment:
	Python: 3.8.13
	PyTorch: 1.8.1+cu111
	Torchvision: 0.9.1+cu111
	CUDA: 11.1
	CUDNN: 8005
	NumPy: 1.23.3
	PIL: 9.2.0
Args:
	algorithm: ERM_SDViT
	checkpoint_freq: None
	data_dir: ./domainbed/data/
	dataset: VLCS
	holdout_fraction: 0.2
	hparams: {"backbone":"DeitSmall","batch_size":32,"lr":5e-05,"resnet_dropout":0.0,"weight_decay":0.0}
	hparams_seed: 0
	output_dir: ./domainbed/VLCS/ERM_SDViT_ours/ERM_SDViT_ours_DeiT-small/baseline/74673a9bc4d7bb215a893234f68a9600
	save_best_model: True
	save_model_every_checkpoint: False
	seed: 920800788
	skip_model_save: False
	steps: None
	task: domain_generalization
	test_envs: [2]
	trial_seed: 2
	uda_holdout_fraction: 0
HParams:
	CutMix: False
	EMA: False
	EMA_decay: 0.999
	KL_Div_Temperature: 3.0
	RB_loss_weight: 0.5
	backbone: DeitSmall
	batch_size: 32
	class_balanced: False
	data_augmentation: True
	lr: 5e-05
	nonlinear_classifier: False
	resnet18: False
	resnet_dropout: 0.0
	test_env: [2]
	weight_decay: 0.0
device: cuda
Best model upto now
env0_in_acc   env0_out_acc  env1_in_acc   env1_out_acc  env2_in_acc   env2_out_acc  env3_in_acc   env3_out_acc  epoch         loss          mem_gb        step          step_time    
0.6086572438  0.6042402827  0.3642352941  0.3747645951  0.2726580350  0.3048780488  0.3780081451  0.3748148148  0.0000000000  1.6862572432  7.7879123688  0             2.7503740788 
Best model upto now
1.0000000000  1.0000000000  0.8357647059  0.7740112994  0.7707539985  0.7545731707  0.9459459459  0.8800000000  8.4805653710  0.4305868307  8.0368123055  300           0.8804897197 
1.0000000000  0.9964664311  0.9336470588  0.7476459510  0.7856054836  0.7850609756  0.9763050722  0.8844444444  16.961130742  0.2698901112  8.0383839607  600           0.7873368414 
Best model upto now
1.0000000000  1.0000000000  0.9689411765  0.7740112994  0.7631378522  0.7667682927  0.9929655683  0.8800000000  25.441696113  0.1989572141  8.0383839607  900           0.7238569490 
1.0000000000  0.9964664311  0.9877647059  0.7683615819  0.7619954303  0.7667682927  0.9966679008  0.8800000000  33.922261484  0.1746627914  8.0383839607  1200          0.4039598616 
1.0000000000  1.0000000000  0.9708235294  0.7721280603  0.7025894897  0.7149390244  0.9918548686  0.8651851852  42.402826855  0.1492302213  8.0383839607  1500          0.4774984765 
1.0000000000  0.9929328622  0.9938823529  0.7702448211  0.7532368621  0.7484756098  0.9937060348  0.8770370370  50.883392226  0.1490680335  8.0383839607  1800          0.4387451530 
1.0000000000  0.9964664311  0.9882352941  0.7645951036  0.7566641280  0.7698170732  0.9948167345  0.8814814815  59.363957597  0.1503789657  8.0383839607  2100          0.4487252108 
1.0000000000  0.9964664311  0.9924705882  0.7853107345  0.7231530845  0.7378048780  0.9974083673  0.8562962963  67.844522968  0.1465599038  8.0383839607  2400          0.4423708200 
1.0000000000  0.9964664311  0.9962352941  0.7476459510  0.7551408987  0.7637195122  0.9981488338  0.8637037037  76.325088339  0.1303658757  8.0383839607  2700          0.4411347946 
1.0000000000  0.9929328622  0.9910588235  0.7721280603  0.7513328256  0.7667682927  0.9970381340  0.8503703704  84.805653710  0.1230293797  8.0383839607  3000          0.4404578090 
1.0000000000  0.9964664311  0.9962352941  0.7721280603  0.7235338919  0.7576219512  0.9981488338  0.8681481481  93.286219081  0.1259923684  8.0383839607  3300          0.4409590975 
1.0000000000  0.9929328622  0.9938823529  0.7570621469  0.7143945164  0.6996951220  0.9933358016  0.8592592593  101.76678445  0.1133318251  8.0383839607  3600          0.4431117996 
1.0000000000  1.0000000000  0.9938823529  0.7702448211  0.7391469916  0.7439024390  0.9959274343  0.8429629630  110.24734982  0.1225190798  8.0383839607  3900          0.4362102755 
1.0000000000  0.9964664311  0.9934117647  0.7740112994  0.7204874334  0.7332317073  0.9966679008  0.8607407407  118.72791519  0.1192852252  8.0383839607  4200          0.4348262620 
1.0000000000  0.9929328622  0.9952941176  0.7758945386  0.7060167555  0.7210365854  0.9981488338  0.8622222222  127.20848056  0.1038393950  8.0383839607  4500          0.4461150201 
1.0000000000  0.9964664311  0.9990588235  0.7589453861  0.7475247525  0.7530487805  0.9988893003  0.8681481481  135.68904593  0.1017239861  8.0383839607  4800          0.4374911857 
1.0000000000  1.0000000000  0.9910588235  0.7608286252  0.7380045697  0.7393292683  0.9951869678  0.8637037037  141.34275618  0.1100373646  8.0383839607  5000          0.4628331208 
