Environment:
	Python: 3.8.13
	PyTorch: 1.8.1+cu111
	Torchvision: 0.9.1+cu111
	CUDA: 11.1
	CUDNN: 8005
	NumPy: 1.23.3
	PIL: 9.2.0
Args:
	algorithm: ERM_SDViT
	checkpoint_freq: None
	data_dir: ./domainbed/data/
	dataset: VLCS
	holdout_fraction: 0.2
	hparams: {"backbone":"DeitSmall","batch_size":32,"lr":5e-05,"resnet_dropout":0.0,"weight_decay":0.0,"CutMix":"True"}
	hparams_seed: 0
	output_dir: ./domainbed/VLCS/ERM_SDViT_ours/ERM_SDViT_ours_DeiT-small/CutMix/daf0e0cbde2860ef286f1aafe303dae3
	save_best_model: True
	save_model_every_checkpoint: False
	seed: 617848384
	skip_model_save: False
	steps: None
	task: domain_generalization
	test_envs: [1]
	trial_seed: 0
	uda_holdout_fraction: 0
HParams:
	CutMix: True
	EMA: False
	EMA_decay: 0.999
	KL_Div_Temperature: 3.0
	RB_loss_weight: 0.5
	backbone: DeitSmall
	batch_size: 32
	class_balanced: False
	data_augmentation: True
	lr: 5e-05
	nonlinear_classifier: False
	resnet18: False
	resnet_dropout: 0.0
	test_env: [1]
	weight_decay: 0.0
device: cuda
Best model upto now
env0_in_acc   env0_out_acc  env1_in_acc   env1_out_acc  env2_in_acc   env2_out_acc  env3_in_acc   env3_out_acc  epoch         loss          mem_gb        step          step_time    
0.2614840989  0.1908127208  0.2047058824  0.2109227872  0.3412033511  0.3277439024  0.2765642355  0.2637037037  0.0000000000  1.5528148413  7.7876243591  0             1.3349657059 
Best model upto now
1.0000000000  1.0000000000  0.6418823529  0.6346516008  0.9089870526  0.8185975610  0.9403924472  0.8607407407  8.4805653710  0.5707428845  8.0357766151  300           0.6771803244 
Best model upto now
1.0000000000  1.0000000000  0.6371764706  0.6271186441  0.9451637471  0.8201219512  0.9633469086  0.8755555556  16.961130742  0.4546528453  8.0357766151  600           0.7045675476 
1.0000000000  1.0000000000  0.6414117647  0.6177024482  0.9744859101  0.8094512195  0.9840799704  0.8711111111  25.441696113  0.4262302181  8.0370430946  900           0.6945859591 
Best model upto now
1.0000000000  0.9929328622  0.6296470588  0.6327683616  0.9893373953  0.8323170732  0.9907441688  0.8800000000  33.922261484  0.3763868803  8.0370430946  1200          0.6874172497 
1.0000000000  1.0000000000  0.6414117647  0.6308851224  0.9954303123  0.8155487805  0.9900037023  0.8740740741  42.402826855  0.3831860345  8.0380806923  1500          0.6947631224 
Best model upto now
1.0000000000  1.0000000000  0.6390588235  0.6290018832  0.9935262757  0.8277439024  0.9925953351  0.8785185185  50.883392226  0.3598001780  8.0380806923  1800          0.7118171668 
1.0000000000  1.0000000000  0.5929411765  0.5687382298  0.9904798172  0.8140243902  0.9981488338  0.8711111111  59.363957597  0.3468489480  8.0383858681  2100          0.7098536738 
1.0000000000  1.0000000000  0.6527058824  0.6403013183  0.9961919269  0.8140243902  0.9966679008  0.8725925926  67.844522968  0.3460658624  8.0383858681  2400          0.7142657455 
1.0000000000  1.0000000000  0.6211764706  0.6214689266  0.9984767708  0.8140243902  0.9981488338  0.8740740741  76.325088339  0.3280638975  8.0383858681  2700          0.7247112846 
1.0000000000  1.0000000000  0.6287058824  0.6214689266  0.9984767708  0.8170731707  0.9985190670  0.8577777778  84.805653710  0.3322230123  8.0383858681  3000          0.7153891317 
1.0000000000  1.0000000000  0.6362352941  0.6308851224  0.9980959634  0.8185975610  0.9985190670  0.8637037037  93.286219081  0.3372191330  8.0383858681  3300          0.7185613585 
1.0000000000  1.0000000000  0.6611764706  0.6610169492  0.9961919269  0.8155487805  0.9981488338  0.8814814815  101.76678445  0.3417747060  8.0383858681  3600          0.7395535517 
1.0000000000  1.0000000000  0.6442352941  0.6591337100  0.9988575781  0.8094512195  0.9988893003  0.8725925926  110.24734982  0.3395604718  8.0383858681  3900          0.7539848129 
1.0000000000  1.0000000000  0.6192941176  0.6271186441  0.9984767708  0.8140243902  0.9992595335  0.8725925926  118.72791519  0.3205570736  8.0383858681  4200          0.7638981056 
1.0000000000  1.0000000000  0.6094117647  0.6045197740  0.9988575781  0.8048780488  0.9988893003  0.8725925926  127.20848056  0.3106906644  8.0383858681  4500          0.7882236592 
1.0000000000  1.0000000000  0.6112941176  0.6064030132  0.9992383854  0.8033536585  0.9981488338  0.8533333333  135.68904593  0.3586308129  8.0383858681  4800          0.7179871662 
1.0000000000  1.0000000000  0.6108235294  0.6045197740  0.9992383854  0.8064024390  0.9988893003  0.8622222222  141.34275618  0.3228367541  8.0383858681  5000          0.4242674279 
