Environment:
	Python: 3.8.13
	PyTorch: 1.8.1+cu111
	Torchvision: 0.9.1+cu111
	CUDA: 11.1
	CUDNN: 8005
	NumPy: 1.23.3
	PIL: 9.2.0
Args:
	algorithm: ERM_SDViT
	checkpoint_freq: None
	data_dir: ./domainbed/data/
	dataset: VLCS
	holdout_fraction: 0.2
	hparams: {"backbone":"DeitSmall","batch_size":32,"lr":5e-05,"resnet_dropout":0.0,"weight_decay":0.0}
	hparams_seed: 0
	output_dir: ./domainbed/VLCS/ERM_SDViT_ours/ERM_SDViT_ours_DeiT-small/baseline/5c219713d268b1052c8111adae46f0d4
	save_best_model: True
	save_model_every_checkpoint: False
	seed: 471741950
	skip_model_save: False
	steps: None
	task: domain_generalization
	test_envs: [2]
	trial_seed: 1
	uda_holdout_fraction: 0
HParams:
	CutMix: False
	EMA: False
	EMA_decay: 0.999
	KL_Div_Temperature: 3.0
	RB_loss_weight: 0.5
	backbone: DeitSmall
	batch_size: 32
	class_balanced: False
	data_augmentation: True
	lr: 5e-05
	nonlinear_classifier: False
	resnet18: False
	resnet_dropout: 0.0
	test_env: [2]
	weight_decay: 0.0
device: cuda
Best model upto now
env0_in_acc   env0_out_acc  env1_in_acc   env1_out_acc  env2_in_acc   env2_out_acc  env3_in_acc   env3_out_acc  epoch         loss          mem_gb        step          step_time    
0.6342756184  0.6289752650  0.3101176471  0.3126177024  0.3149276466  0.3216463415  0.3939281748  0.3600000000  0.0000000000  1.7812409401  7.7879123688  0             2.6825649738 
Best model upto now
1.0000000000  1.0000000000  0.8357647059  0.7589453861  0.7867479056  0.8003048780  0.9529803776  0.8755555556  8.4805653710  0.4207133049  8.0368123055  300           0.9271368512 
Best model upto now
1.0000000000  0.9964664311  0.9397647059  0.7758945386  0.7524752475  0.7652439024  0.9796371714  0.8725925926  16.961130742  0.2645307754  8.0383839607  600           0.8239254634 
1.0000000000  1.0000000000  0.9807058824  0.7645951036  0.7475247525  0.7454268293  0.9929655683  0.8488888889  25.441696113  0.1933478351  8.0383839607  900           0.7977227831 
1.0000000000  1.0000000000  0.9840000000  0.7627118644  0.7482863671  0.7698170732  0.9981488338  0.8637037037  33.922261484  0.1630252258  8.0383839607  1200          0.7576305262 
1.0000000000  0.9964664311  0.9938823529  0.7589453861  0.7463823305  0.7591463415  0.9962976675  0.8755555556  42.402826855  0.1413057276  8.0383839607  1500          0.4535973716 
1.0000000000  0.9964664311  0.9840000000  0.7514124294  0.7749428789  0.7652439024  0.9933358016  0.8548148148  50.883392226  0.1376768499  8.0383839607  1800          0.4426162124 
1.0000000000  1.0000000000  0.9934117647  0.7608286252  0.7261995430  0.7256097561  0.9937060348  0.8533333333  59.363957597  0.1363306920  8.0383839607  2100          0.4255725455 
1.0000000000  1.0000000000  0.9929411765  0.7532956685  0.7326732673  0.7271341463  0.9937060348  0.8533333333  67.844522968  0.1329217701  8.0383839607  2400          0.4345840875 
1.0000000000  0.9964664311  0.9948235294  0.7608286252  0.7349581112  0.7317073171  0.9955572010  0.8548148148  76.325088339  0.1290218753  8.0383839607  2700          0.4299104595 
1.0000000000  1.0000000000  0.9938823529  0.7664783427  0.7486671744  0.7591463415  0.9966679008  0.8518518519  84.805653710  0.1242839400  8.0383839607  3000          0.4348270845 
1.0000000000  1.0000000000  0.9943529412  0.7645951036  0.7269611577  0.7347560976  0.9992595335  0.8607407407  93.286219081  0.1235047861  8.0383839607  3300          0.4253647510 
1.0000000000  1.0000000000  0.9962352941  0.7476459510  0.7475247525  0.7393292683  0.9955572010  0.8340740741  101.76678445  0.1194786712  8.0383839607  3600          0.4352303521 
1.0000000000  0.9964664311  0.9976470588  0.7702448211  0.7315308454  0.7195121951  0.9981488338  0.8414814815  110.24734982  0.1156470599  8.0383839607  3900          0.4476832509 
1.0000000000  1.0000000000  0.9971764706  0.7457627119  0.7387661843  0.7332317073  0.9981488338  0.8444444444  118.72791519  0.1165471399  8.0383839607  4200          0.4349339517 
1.0000000000  1.0000000000  0.9929411765  0.7457627119  0.7460015232  0.7378048780  0.9974083673  0.8459259259  127.20848056  0.1025538852  8.0383839607  4500          0.4407349030 
1.0000000000  1.0000000000  0.9929411765  0.7250470810  0.7509520183  0.7362804878  0.9974083673  0.8577777778  135.68904593  0.1124375605  8.0383839607  4800          0.4262286186 
1.0000000000  1.0000000000  0.9995294118  0.7476459510  0.7532368621  0.7301829268  0.9981488338  0.8370370370  141.34275618  0.1159381986  8.0383839607  5000          0.4332946920 
