Environment:
	Python: 3.8.13
	PyTorch: 1.8.1+cu111
	Torchvision: 0.9.1+cu111
	CUDA: 11.1
	CUDNN: 8005
	NumPy: 1.23.3
	PIL: 9.2.0
Args:
	algorithm: ERM_ViT
	checkpoint_freq: None
	data_dir: ./domainbed/data/
	dataset: VLCS
	holdout_fraction: 0.2
	hparams: {"backbone":"DeitSmall","batch_size":32,"lr":5e-05,"resnet_dropout":0.0,"weight_decay":0.0}
	hparams_seed: 0
	output_dir: ./domainbed/VLCS/ERM_ViT_ours/ERM_ViT_ours_DeiT-small/baseline/2d8380a85584e6d42b887acf78574341
	save_best_model: True
	save_model_every_checkpoint: False
	seed: 1338710039
	skip_model_save: False
	steps: None
	task: domain_generalization
	test_envs: [2]
	trial_seed: 1
	uda_holdout_fraction: 0
HParams:
	CutMix: False
	EMA: False
	EMA_decay: 0.999
	backbone: DeitSmall
	batch_size: 32
	class_balanced: False
	data_augmentation: True
	lr: 5e-05
	nonlinear_classifier: False
	resnet18: False
	resnet_dropout: 0.0
	test_env: [2]
	weight_decay: 0.0
device: cuda
Best model upto now
env0_in_acc   env0_out_acc  env1_in_acc   env1_out_acc  env2_in_acc   env2_out_acc  env3_in_acc   env3_out_acc  epoch         loss          mem_gb        step          step_time    
0.6554770318  0.6607773852  0.4263529412  0.4500941620  0.3221629855  0.3338414634  0.3213624583  0.2962962963  0.0000000000  1.7577961683  7.7879123688  0             0.7152264118 
Best model upto now
1.0000000000  1.0000000000  0.8640000000  0.7909604520  0.7692307692  0.7637195122  0.9489078119  0.8592592593  8.4805653710  0.2954195800  8.0368123055  300           0.5248126189 
1.0000000000  1.0000000000  0.9256470588  0.7740112994  0.7608530084  0.7759146341  0.9781562384  0.8622222222  16.961130742  0.1285686716  8.0383839607  600           0.5563408073 
1.0000000000  0.9964664311  0.9778823529  0.7815442561  0.7581873572  0.7576219512  0.9877823029  0.8681481481  25.441696113  0.0575473600  8.0383839607  900           0.9481515519 
1.0000000000  0.9964664311  0.9868235294  0.7589453861  0.7532368621  0.7591463415  0.9914846353  0.8577777778  33.922261484  0.0364045049  8.0383839607  1200          0.9104356384 
1.0000000000  0.9964664311  0.9792941176  0.7645951036  0.7486671744  0.7393292683  0.9907441688  0.8755555556  42.402826855  0.0221842698  8.0383839607  1500          0.9210050146 
1.0000000000  0.9929328622  0.9858823529  0.7382297552  0.7650418888  0.7469512195  0.9940762680  0.8400000000  50.883392226  0.0202092841  8.0383839607  1800          0.8619421999 
1.0000000000  1.0000000000  0.9849411765  0.7419962335  0.7669459254  0.7698170732  0.9977786005  0.8518518519  59.363957597  0.0146074043  8.0383839607  2100          0.8189251431 
1.0000000000  1.0000000000  0.9943529412  0.7758945386  0.7570449353  0.7515243902  0.9966679008  0.8385185185  67.844522968  0.0168179518  8.0383839607  2400          0.8072324737 
1.0000000000  1.0000000000  0.9957647059  0.7495291902  0.7429550647  0.7378048780  0.9959274343  0.8474074074  76.325088339  0.0132312954  8.0383839607  2700          0.8467741172 
1.0000000000  0.9964664311  0.9948235294  0.7683615819  0.7235338919  0.7271341463  0.9974083673  0.8444444444  84.805653710  0.0123492903  8.0383839607  3000          0.8399196633 
1.0000000000  1.0000000000  0.9896470588  0.7551789077  0.7113480579  0.7225609756  0.9948167345  0.8281481481  93.286219081  0.0100771111  8.0383839607  3300          0.8556422226 
1.0000000000  0.9929328622  0.9934117647  0.7514124294  0.7383853770  0.7484756098  0.9974083673  0.8237037037  101.76678445  0.0113867748  8.0383839607  3600          0.8698767948 
1.0000000000  0.9964664311  0.9948235294  0.7589453861  0.7258187357  0.7225609756  0.9981488338  0.8311111111  110.24734982  0.0076843443  8.0383839607  3900          0.8861439729 
1.0000000000  0.9964664311  0.9915294118  0.7514124294  0.7094440213  0.7195121951  0.9981488338  0.8251851852  118.72791519  0.0093464292  8.0383839607  4200          0.8781142195 
1.0000000000  1.0000000000  0.9976470588  0.7758945386  0.7319116527  0.7378048780  0.9962976675  0.8355555556  127.20848056  0.0089849344  8.0383839607  4500          0.8628304299 
1.0000000000  0.9964664311  0.9952941176  0.7589453861  0.7494287890  0.7454268293  0.9974083673  0.8459259259  135.68904593  0.0089126319  8.0383839607  4800          1.0855929176 
1.0000000000  1.0000000000  0.9990588235  0.7457627119  0.7421934501  0.7439024390  0.9977786005  0.8414814815  141.34275618  0.0073482033  8.0383839607  5000          0.8236537325 
