Environment:
	Python: 3.8.13
	PyTorch: 1.8.1+cu111
	Torchvision: 0.9.1+cu111
	CUDA: 11.1
	CUDNN: 8005
	NumPy: 1.23.3
	PIL: 9.2.0
Args:
	algorithm: ERM_ViT
	checkpoint_freq: None
	data_dir: ./domainbed/data/
	dataset: VLCS
	holdout_fraction: 0.2
	hparams: {"backbone":"DeitSmall","batch_size":32,"lr":5e-05,"resnet_dropout":0.0,"weight_decay":0.0,"CutMix":"True"}
	hparams_seed: 0
	output_dir: ./domainbed/VLCS/ERM_ViT_ours/ERM_ViT_ours_DeiT-small/CutMix/471ffe0cfb5a9e29363936e4c91ca6d1
	save_best_model: True
	save_model_every_checkpoint: False
	seed: 610973825
	skip_model_save: False
	steps: None
	task: domain_generalization
	test_envs: [3]
	trial_seed: 1
	uda_holdout_fraction: 0
HParams:
	CutMix: True
	EMA: False
	EMA_decay: 0.999
	backbone: DeitSmall
	batch_size: 32
	class_balanced: False
	data_augmentation: True
	lr: 5e-05
	nonlinear_classifier: False
	resnet18: False
	resnet_dropout: 0.0
	test_env: [3]
	weight_decay: 0.0
device: cuda
Best model upto now
env0_in_acc   env0_out_acc  env1_in_acc   env1_out_acc  env2_in_acc   env2_out_acc  env3_in_acc   env3_out_acc  epoch         loss          mem_gb        step          step_time    
0.5918727915  0.6325088339  0.2621176471  0.2617702448  0.2863670982  0.3079268293  0.1862273232  0.2118518519  0.0000000000  1.7236400843  7.7879142761  0             1.6149523258 
Best model upto now
0.9991166078  0.9964664311  0.8400000000  0.7645951036  0.9006092917  0.8323170732  0.8048870789  0.7822222222  8.4805653710  0.5288058166  8.0367379189  300           0.9312706804 
1.0000000000  1.0000000000  0.8983529412  0.7815442561  0.9478293983  0.8033536585  0.7734172529  0.7644444444  16.961130742  0.4021781800  8.0367379189  600           0.8675820947 
1.0000000000  0.9964664311  0.9538823529  0.7645951036  0.9794364052  0.8216463415  0.7782302851  0.7881481481  25.441696113  0.3452191947  8.0367379189  900           0.8721751428 
1.0000000000  0.9964664311  0.9783529412  0.7645951036  0.9881949733  0.8307926829  0.7952610144  0.7925925926  33.922261484  0.3115866346  8.0367379189  1200          0.9203739882 
1.0000000000  1.0000000000  0.9816470588  0.7476459510  0.9939070830  0.8399390244  0.7815623843  0.7688888889  42.402826855  0.2647855232  8.0367379189  1500          0.8880394276 
1.0000000000  1.0000000000  0.9915294118  0.7645951036  0.9950495050  0.8277439024  0.7926693817  0.7866666667  50.883392226  0.2721082727  8.0367379189  1800          0.8663918130 
1.0000000000  1.0000000000  0.9858823529  0.7551789077  0.9942878903  0.8277439024  0.7660125879  0.7614814815  59.363957597  0.2493768281  8.0367379189  2100          0.8636960300 
Best model upto now
1.0000000000  1.0000000000  0.9957647059  0.7589453861  0.9965727342  0.8414634146  0.7741577194  0.7762962963  67.844522968  0.2368379420  8.0367379189  2400          0.8444643807 
1.0000000000  1.0000000000  0.9868235294  0.7589453861  0.9965727342  0.8307926829  0.7593483895  0.7600000000  76.325088339  0.2445025156  8.0367379189  2700          0.8815314182 
1.0000000000  1.0000000000  0.9938823529  0.7382297552  0.9973343488  0.8368902439  0.7815623843  0.7600000000  84.805653710  0.2469771186  8.0367379189  3000          0.8920526791 
1.0000000000  0.9964664311  0.9976470588  0.7627118644  0.9988575781  0.8231707317  0.7615697890  0.7511111111  93.286219081  0.2362554754  8.0367379189  3300          0.8852594423 
1.0000000000  0.9964664311  0.9985882353  0.7401129944  0.9992383854  0.8414634146  0.7678637542  0.7851851852  101.76678445  0.2476468793  8.0367379189  3600          0.8678887073 
1.0000000000  0.9964664311  0.9971764706  0.7495291902  0.9996191927  0.8521341463  0.7778600518  0.7688888889  110.24734982  0.2263677640  8.0367379189  3900          0.8474854032 
1.0000000000  0.9964664311  0.9948235294  0.7514124294  0.9950495050  0.8140243902  0.7674935209  0.7585185185  118.72791519  0.2198955263  8.0367379189  4200          0.8423921045 
1.0000000000  0.9929328622  0.9934117647  0.7570621469  1.0000000000  0.8323170732  0.7778600518  0.7600000000  127.20848056  0.2352381958  8.0367379189  4500          0.8985596045 
1.0000000000  0.9964664311  0.9976470588  0.7476459510  0.9988575781  0.8338414634  0.7545353573  0.7600000000  135.68904593  0.2327882732  8.0367379189  4800          0.7171193163 
Best model upto now
1.0000000000  1.0000000000  0.9976470588  0.7721280603  0.9984767708  0.8292682927  0.7715660866  0.7511111111  141.34275618  0.2479144570  8.0367379189  5000          0.6282310331 
