Environment:
	Python: 3.8.13
	PyTorch: 1.8.1+cu111
	Torchvision: 0.9.1+cu111
	CUDA: 11.1
	CUDNN: 8005
	NumPy: 1.23.3
	PIL: 9.2.0
Args:
	algorithm: ERM_SDViT
	checkpoint_freq: None
	data_dir: ./domainbed/data/
	dataset: VLCS
	holdout_fraction: 0.2
	hparams: {"backbone":"DeitSmall","batch_size":32,"lr":5e-05,"resnet_dropout":0.0,"weight_decay":0.0,"CutMix":"True"}
	hparams_seed: 0
	output_dir: ./domainbed/VLCS/ERM_SDViT_ours/ERM_SDViT_ours_DeiT-small/CutMix/77fe0bdff78d94c2a9c186dbf24b0bb0
	save_best_model: True
	save_model_every_checkpoint: False
	seed: 920800788
	skip_model_save: False
	steps: None
	task: domain_generalization
	test_envs: [2]
	trial_seed: 2
	uda_holdout_fraction: 0
HParams:
	CutMix: True
	EMA: False
	EMA_decay: 0.999
	KL_Div_Temperature: 3.0
	RB_loss_weight: 0.5
	backbone: DeitSmall
	batch_size: 32
	class_balanced: False
	data_augmentation: True
	lr: 5e-05
	nonlinear_classifier: False
	resnet18: False
	resnet_dropout: 0.0
	test_env: [2]
	weight_decay: 0.0
device: cuda
Best model upto now
env0_in_acc   env0_out_acc  env1_in_acc   env1_out_acc  env2_in_acc   env2_out_acc  env3_in_acc   env3_out_acc  epoch         loss          mem_gb        step          step_time    
0.6086572438  0.6042402827  0.3642352941  0.3747645951  0.2726580350  0.3048780488  0.3780081451  0.3748148148  0.0000000000  1.6862572432  7.7879123688  0             1.4192440510 
Best model upto now
1.0000000000  1.0000000000  0.8272941176  0.7683615819  0.7764661081  0.7804878049  0.9355794150  0.8888888889  8.4805653710  0.6278350851  8.0368142128  300           0.7883950353 
Best model upto now
1.0000000000  1.0000000000  0.8936470588  0.7702448211  0.7623762376  0.7439024390  0.9659385413  0.9007407407  16.961130742  0.4860969219  8.0383858681  600           0.7898835246 
1.0000000000  1.0000000000  0.9383529412  0.7664783427  0.7475247525  0.7423780488  0.9885227693  0.8785185185  25.441696113  0.4148295975  8.0383858681  900           0.8079624303 
1.0000000000  1.0000000000  0.9708235294  0.7645951036  0.7631378522  0.7469512195  0.9925953351  0.8814814815  33.922261484  0.4248499600  8.0383858681  1200          0.8052964544 
1.0000000000  1.0000000000  0.9905882353  0.7721280603  0.7589489718  0.7545731707  0.9966679008  0.8696296296  42.402826855  0.3792002482  8.0383858681  1500          0.7970933382 
1.0000000000  1.0000000000  0.9924705882  0.7890772128  0.7414318355  0.7332317073  0.9962976675  0.8725925926  50.883392226  0.3845626914  8.0383858681  1800          0.8508521875 
1.0000000000  1.0000000000  0.9943529412  0.7815442561  0.7372429551  0.7469512195  0.9977786005  0.8725925926  59.363957597  0.3768962705  8.0383858681  2100          0.8604413462 
1.0000000000  1.0000000000  0.9891764706  0.7871939736  0.7185833968  0.7469512195  0.9985190670  0.8533333333  67.844522968  0.3532650874  8.0383858681  2400          0.8681833355 
1.0000000000  1.0000000000  0.9952941176  0.7608286252  0.7315308454  0.7362804878  0.9977786005  0.8548148148  76.325088339  0.3223384365  8.0383858681  2700          0.8765567136 
1.0000000000  1.0000000000  0.9952941176  0.7740112994  0.7178217822  0.7149390244  0.9992595335  0.8637037037  84.805653710  0.3546594109  8.0383858681  3000          0.8416986378 
1.0000000000  1.0000000000  0.9967058824  0.7815442561  0.7353389185  0.7347560976  0.9992595335  0.8562962963  93.286219081  0.3314384706  8.0383858681  3300          0.8350383043 
1.0000000000  1.0000000000  0.9924705882  0.7645951036  0.7083015994  0.7134146341  0.9981488338  0.8577777778  101.76678445  0.3248218523  8.0383858681  3600          0.8266838551 
1.0000000000  0.9964664311  0.9976470588  0.7551789077  0.7185833968  0.7286585366  0.9974083673  0.8533333333  110.24734982  0.2986296449  8.0383858681  3900          0.8257199677 
1.0000000000  1.0000000000  0.9962352941  0.7627118644  0.7475247525  0.7286585366  0.9985190670  0.8533333333  118.72791519  0.3359161259  8.0383858681  4200          0.8107469749 
1.0000000000  0.9964664311  0.9967058824  0.7683615819  0.7090632140  0.7134146341  0.9985190670  0.8577777778  127.20848056  0.3088385004  8.0383858681  4500          0.5201836586 
1.0000000000  0.9964664311  0.9990588235  0.7853107345  0.7364813404  0.7332317073  0.9988893003  0.8592592593  135.68904593  0.3055346583  8.0383858681  4800          0.5185266662 
1.0000000000  0.9964664311  0.9981176471  0.7777777778  0.7197258187  0.7317073171  0.9977786005  0.8622222222  141.34275618  0.3145885791  8.0383858681  5000          0.6101956820 
