Environment:
	Python: 3.8.13
	PyTorch: 1.8.1+cu111
	Torchvision: 0.9.1+cu111
	CUDA: 11.1
	CUDNN: 8005
	NumPy: 1.23.3
	PIL: 9.2.0
Args:
	algorithm: ERM_ViT
	checkpoint_freq: None
	data_dir: ./domainbed/data/
	dataset: OfficeHome
	holdout_fraction: 0.2
	hparams: {"backbone":"DeitSmall","batch_size":32,"lr":5e-05,"resnet_dropout":0.0,"weight_decay":0.0}
	hparams_seed: 0
	output_dir: ./domainbed/OfficeHome/ERM_ViT_ours/ERM_ViT_ours_DeiT-small/baseline/e073b040345c006b6350229fd7b5f62e
	save_best_model: True
	save_model_every_checkpoint: False
	seed: 2142011057
	skip_model_save: False
	steps: None
	task: domain_generalization
	test_envs: [2]
	trial_seed: 0
	uda_holdout_fraction: 0
HParams:
	CutMix: False
	EMA: False
	EMA_decay: 0.999
	backbone: DeitSmall
	batch_size: 32
	class_balanced: False
	data_augmentation: True
	lr: 5e-05
	nonlinear_classifier: False
	resnet18: False
	resnet_dropout: 0.0
	test_env: [2]
	weight_decay: 0.0
device: cuda
Best model upto now
env0_in_acc   env0_out_acc  env1_in_acc   env1_out_acc  env2_in_acc   env2_out_acc  env3_in_acc   env3_out_acc  epoch         loss          mem_gb        step          step_time    
0.0283213182  0.0288659794  0.0166093929  0.0160366552  0.0126689189  0.0090191657  0.0229489386  0.0275545350  0.0000000000  4.4122195244  7.7882556915  0             2.9401619434 
Best model upto now
0.9304840371  0.8061855670  0.8717067583  0.7502863688  0.7787162162  0.7733934611  0.9188181297  0.8427095293  4.9433573635  1.3252581961  8.0374131203  300           0.4586528031 
Best model upto now
0.9768280124  0.8041237113  0.9358533792  0.7800687285  0.7899774775  0.7745208568  0.9647160069  0.8541905855  9.8867147271  0.2776948492  8.0389847755  600           0.3906755678 
0.9902162719  0.7938144330  0.9607674685  0.7628865979  0.7930743243  0.7824126268  0.9827882960  0.8507462687  14.830072090  0.1286878519  8.0396103859  900           0.3893376692 
Best model upto now
0.9917610711  0.8144329897  0.9733676976  0.7880870561  0.7882882883  0.7779030440  0.9862306368  0.8415614237  19.773429454  0.0867287824  8.0396103859  1200          0.3799063730 
0.9912461380  0.8082474227  0.9733676976  0.7915234822  0.7958896396  0.7824126268  0.9928284567  0.8438576349  24.716786817  0.0615980445  8.0396103859  1500          0.3864316948 
0.9907312049  0.7896907216  0.9739404353  0.7857961054  0.7871621622  0.7903043968  0.9928284567  0.8564867968  29.660144181  0.0497682043  8.0396103859  1800          0.3791114974 
0.9912461380  0.7917525773  0.9799541810  0.7777777778  0.7891328829  0.7880496054  0.9911072863  0.8461538462  34.603501544  0.0433690228  8.0396103859  2100          0.3865340026 
0.9953656025  0.7917525773  0.9799541810  0.7915234822  0.7975788288  0.7948139797  0.9905335628  0.8461538462  39.546858908  0.0378264577  8.0396103859  2400          0.3790847238 
0.9927909372  0.7979381443  0.9790950745  0.7880870561  0.7851914414  0.7632468997  0.9939759036  0.8530424799  44.490216271  0.0366422485  8.0396103859  2700          0.3822293568 
0.9912461380  0.7835051546  0.9753722795  0.7812142039  0.7874436937  0.7812852311  0.9916810098  0.8518943743  49.433573635  0.0429342939  8.0396103859  3000          0.3793166598 
Best model upto now
0.9943357364  0.8206185567  0.9808132875  0.7823596793  0.7885698198  0.7700112740  0.9922547332  0.8495981630  54.376930999  0.0378677519  8.0396103859  3300          0.3802962939 
0.9922760041  0.7896907216  0.9773768614  0.7754868270  0.7787162162  0.7711386697  0.9893861159  0.8289322618  59.320288362  0.0324809356  8.0396103859  3600          0.3790099247 
0.9943357364  0.8041237113  0.9822451317  0.7926689576  0.8018018018  0.7914317926  0.9934021801  0.8518943743  64.263645726  0.0348025889  8.0396103859  3900          0.3767721566 
0.9948506694  0.8000000000  0.9842497136  0.7880870561  0.7784346847  0.7722660654  0.9951233505  0.8369690011  69.207003089  0.0300874508  8.0396103859  4200          0.3793482304 
0.9886714727  0.7752577320  0.9773768614  0.7823596793  0.7773085586  0.7655016911  0.9876649455  0.8461538462  74.150360453  0.0286942944  8.0396103859  4500          0.3766441631 
0.9953656025  0.7752577320  0.9810996564  0.8075601375  0.7871621622  0.7880496054  0.9951233505  0.8358208955  79.093717816  0.0295200215  8.0396103859  4800          0.3813214151 
0.9907312049  0.8082474227  0.9802405498  0.7926689576  0.7854729730  0.8038331454  0.9911072863  0.8415614237  82.389289392  0.0322712458  8.0396103859  5000          0.3619825768 
