Environment:
	Python: 3.8.13
	PyTorch: 1.8.1+cu111
	Torchvision: 0.9.1+cu111
	CUDA: 11.1
	CUDNN: 8005
	NumPy: 1.23.3
	PIL: 9.2.0
Args:
	algorithm: ERM_SDViT
	checkpoint_freq: None
	data_dir: ./domainbed/data/
	dataset: VLCS
	holdout_fraction: 0.2
	hparams: {"backbone":"DeitSmall","batch_size":32,"lr":5e-05,"resnet_dropout":0.0,"weight_decay":0.0}
	hparams_seed: 0
	output_dir: ./domainbed/VLCS/ERM_SDViT_ours/ERM_SDViT_ours_DeiT-small/baseline/59e7b224f3756b913713cbfe2d6a3f0d
	save_best_model: True
	save_model_every_checkpoint: False
	seed: 496968077
	skip_model_save: False
	steps: None
	task: domain_generalization
	test_envs: [3]
	trial_seed: 0
	uda_holdout_fraction: 0
HParams:
	CutMix: False
	EMA: False
	EMA_decay: 0.999
	KL_Div_Temperature: 3.0
	RB_loss_weight: 0.5
	backbone: DeitSmall
	batch_size: 32
	class_balanced: False
	data_augmentation: True
	lr: 5e-05
	nonlinear_classifier: False
	resnet18: False
	resnet_dropout: 0.0
	test_env: [3]
	weight_decay: 0.0
device: cuda
Best model upto now
env0_in_acc   env0_out_acc  env1_in_acc   env1_out_acc  env2_in_acc   env2_out_acc  env3_in_acc   env3_out_acc  epoch         loss          mem_gb        step          step_time    
0.7226148410  0.7385159011  0.5821176471  0.5838041431  0.3800456969  0.3704268293  0.4676045909  0.4681481481  0.0000000000  1.5622013807  7.7879123688  0             2.3793361187 
Best model upto now
1.0000000000  1.0000000000  0.8602352941  0.7627118644  0.9070830160  0.8125000000  0.7960014809  0.7807407407  8.4805653710  0.4305900549  8.0368123055  300           0.7595928057 
Best model upto now
1.0000000000  1.0000000000  0.9364705882  0.7758945386  0.9683929931  0.8185975610  0.8000740466  0.7940740741  16.961130742  0.2726504845  8.0383839607  600           0.6941817538 
1.0000000000  1.0000000000  0.9760000000  0.7419962335  0.9843869002  0.8064024390  0.7934098482  0.7881481481  25.441696113  0.2013261629  8.0390095711  900           0.7592362237 
1.0000000000  1.0000000000  0.9868235294  0.7664783427  0.9893373953  0.8216463415  0.7604590892  0.7629629630  33.922261484  0.1644552363  8.0390095711  1200          0.7659870728 
1.0000000000  1.0000000000  0.9863529412  0.7777777778  0.9954303123  0.8079268293  0.7837837838  0.7777777778  42.402826855  0.1541418602  8.0390095711  1500          0.7736441851 
1.0000000000  1.0000000000  0.9835294118  0.7702448211  0.9912414318  0.8018292683  0.7756386524  0.7674074074  50.883392226  0.1448400557  8.0390095711  1800          0.7744547359 
1.0000000000  1.0000000000  0.9929411765  0.7815442561  0.9961919269  0.7942073171  0.7663828212  0.7511111111  59.363957597  0.1401212579  8.0390095711  2100          0.7747679583 
1.0000000000  1.0000000000  0.9920000000  0.7721280603  0.9961919269  0.7713414634  0.7674935209  0.7688888889  67.844522968  0.1331472107  8.0390095711  2400          0.7733738565 
1.0000000000  1.0000000000  0.9872941176  0.7834274953  0.9912414318  0.7820121951  0.7549055905  0.7674074074  76.325088339  0.1328024028  8.0390095711  2700          0.7760182142 
1.0000000000  1.0000000000  0.9934117647  0.7815442561  0.9965727342  0.7637195122  0.7767493521  0.7629629630  84.805653710  0.1196544917  8.0390095711  3000          0.7781667423 
1.0000000000  1.0000000000  0.9962352941  0.7947269303  0.9961919269  0.7911585366  0.7830433173  0.7585185185  93.286219081  0.1216554419  8.0390095711  3300          0.7752202169 
1.0000000000  1.0000000000  0.9863529412  0.7589453861  0.9946686976  0.8185975610  0.7671232877  0.7585185185  101.76678445  0.1224151068  8.0390095711  3600          0.8362684981 
1.0000000000  1.0000000000  0.9967058824  0.7909604520  0.9908606245  0.7942073171  0.7652721214  0.7659259259  110.24734982  0.1196880982  8.0390095711  3900          1.1439541380 
1.0000000000  1.0000000000  0.9976470588  0.8003766478  0.9958111196  0.7865853659  0.7286190300  0.7377777778  118.72791519  0.1144641081  8.0390095711  4200          1.2055325262 
Best model upto now
1.0000000000  0.9964664311  0.9976470588  0.8003766478  0.9969535415  0.8140243902  0.7674935209  0.7881481481  127.20848056  0.1142025034  8.0390095711  4500          1.2072692084 
1.0000000000  1.0000000000  0.9957647059  0.7815442561  0.9904798172  0.7713414634  0.7634209552  0.7659259259  135.68904593  0.1087518493  8.0390095711  4800          1.1985928321 
1.0000000000  1.0000000000  0.9971764706  0.7721280603  0.9992383854  0.8018292683  0.7726767864  0.7644444444  141.34275618  0.1078459475  8.0390095711  5000          1.1915752399 
