Environment:
	Python: 3.8.13
	PyTorch: 1.8.1+cu111
	Torchvision: 0.9.1+cu111
	CUDA: 11.1
	CUDNN: 8005
	NumPy: 1.23.3
	PIL: 9.2.0
Args:
	algorithm: ERM_ViT
	checkpoint_freq: None
	data_dir: ./domainbed/data/
	dataset: PACS
	holdout_fraction: 0.2
	hparams: {"backbone":"DeitSmall","batch_size":32,"lr":5e-05,"resnet_dropout":0.0,"weight_decay":0.0}
	hparams_seed: 0
	output_dir: ./domainbed/PACS/ERM_ViT_Deit-S/baseline/bff4b46868a243816efa4b8d3c9e6719
	save_best_model: True
	save_model_every_checkpoint: False
	seed: 1198398770
	skip_model_save: False
	steps: None
	task: domain_generalization
	test_envs: [2]
	trial_seed: 0
	uda_holdout_fraction: 0
HParams:
	CutMix: False
	EMA: False
	EMA_decay: 0.999
	backbone: DeitSmall
	batch_size: 32
	class_balanced: False
	data_augmentation: True
	lr: 5e-05
	nonlinear_classifier: False
	resnet18: False
	resnet_dropout: 0.0
	test_env: [2]
	weight_decay: 0.0
device: cuda
Best model upto now
env0_in_acc   env0_out_acc  env1_in_acc   env1_out_acc  env2_in_acc   env2_out_acc  env3_in_acc   env3_out_acc  epoch         loss          mem_gb        step          step_time    
0.1946308725  0.2029339853  0.2073560768  0.2500000000  0.2485029940  0.2634730539  0.2977099237  0.3248407643  0.0000000000  1.9689431190  7.7879266739  0             8.6405417919 
Best model upto now
0.9951189750  0.9559902200  0.9834754797  0.9594017094  0.9925149701  0.9850299401  0.9691475827  0.9363057325  7.1856287425  0.2333826148  8.0368351936  300           0.4151133736 
0.9896278218  0.9535452323  0.9962686567  0.9615384615  0.9902694611  0.9730538922  0.9745547074  0.9286624204  14.371257485  0.0481034498  8.0384068489  600           0.4729015144 
Best model upto now
0.9963392312  0.9657701711  0.9957356077  0.9764957265  0.9917664671  0.9790419162  0.9793256997  0.9324840764  21.556886227  0.0267840665  8.0384068489  900           0.5029756188 
Best model upto now
0.9975594875  0.9608801956  0.9984008529  0.9743589744  0.9925149701  0.9760479042  0.9895038168  0.9554140127  28.742514970  0.0206135177  8.0384068489  1200          0.5154217736 
0.9975594875  0.9486552567  0.9952025586  0.9679487179  0.9872754491  0.9820359281  0.9920483461  0.9541401274  35.928143712  0.0192107439  8.0384068489  1500          0.6253831458 
0.9963392312  0.9511002445  0.9973347548  0.9700854701  0.9857784431  0.9760479042  0.9888676845  0.9579617834  43.113772455  0.0184854450  8.0384068489  1800          0.7114583000 
0.9969493594  0.9511002445  0.9968017058  0.9722222222  0.9895209581  0.9820359281  0.9888676845  0.9490445860  50.299401197  0.0140211513  8.0384068489  2100          0.7443115671 
Best model upto now
0.9963392312  0.9559902200  1.0000000000  0.9743589744  0.9797904192  0.9820359281  0.9965012723  0.9617834395  57.485029940  0.0113602334  8.0384068489  2400          0.7525300558 
0.9987797437  0.9633251834  0.9968017058  0.9658119658  0.9835329341  0.9820359281  0.9910941476  0.9592356688  64.670658682  0.0092147358  8.0384068489  2700          0.7581767090 
0.9981696156  0.9608801956  0.9968017058  0.9743589744  0.9812874251  0.9760479042  0.9974554707  0.9554140127  71.856287425  0.0100776114  8.0384068489  3000          0.7480173755 
0.9975594875  0.9559902200  0.9989339019  0.9786324786  0.9820359281  0.9820359281  0.9958651399  0.9554140127  79.041916167  0.0073721592  8.0384068489  3300          0.7456436014 
0.9969493594  0.9608801956  0.9978678038  0.9679487179  0.9827844311  0.9670658683  0.9949109415  0.9566878981  86.227544910  0.0128275366  8.0384068489  3600          0.7447847621 
0.9993898719  0.9535452323  0.9973347548  0.9700854701  0.9805389222  0.9700598802  0.9968193384  0.9515923567  93.413173652  0.0114358843  8.0384068489  3900          0.7394083691 
0.9981696156  0.9535452323  0.9973347548  0.9658119658  0.9887724551  0.9760479042  0.9955470738  0.9592356688  100.59880239  0.0080004350  8.0384068489  4200          0.7837254842 
0.9969493594  0.9486552567  0.9968017058  0.9700854701  0.9797904192  0.9700598802  0.9917302799  0.9528662420  107.78443113  0.0109537035  8.0384068489  4500          0.8089155134 
0.9975594875  0.9535452323  0.9978678038  0.9764957265  0.9708083832  0.9790419162  0.9958651399  0.9566878981  114.97005988  0.0090310439  8.0384068489  4800          0.8074794292 
0.9993898719  0.9462102689  0.9994669510  0.9722222222  0.9760479042  0.9700598802  0.9974554707  0.9566878981  119.76047904  0.0057135602  8.0384068489  5000          0.8122155344 
