Environment:
	Python: 3.8.13
	PyTorch: 1.8.1+cu111
	Torchvision: 0.9.1+cu111
	CUDA: 11.1
	CUDNN: 8005
	NumPy: 1.23.3
	PIL: 9.2.0
Args:
	algorithm: ERM_SDViT
	checkpoint_freq: None
	data_dir: ./domainbed/data/
	dataset: VLCS
	holdout_fraction: 0.2
	hparams: {"backbone":"DeitSmall","batch_size":32,"lr":5e-05,"resnet_dropout":0.0,"weight_decay":0.0,"CutMix":"True"}
	hparams_seed: 0
	output_dir: ./domainbed/VLCS/ERM_SDViT_ours/ERM_SDViT_ours_DeiT-small/CutMix/15f8e9f82353a565c419513eaba2120d
	save_best_model: True
	save_model_every_checkpoint: False
	seed: 1904416879
	skip_model_save: False
	steps: None
	task: domain_generalization
	test_envs: [0]
	trial_seed: 2
	uda_holdout_fraction: 0
HParams:
	CutMix: True
	EMA: False
	EMA_decay: 0.999
	KL_Div_Temperature: 3.0
	RB_loss_weight: 0.5
	backbone: DeitSmall
	batch_size: 32
	class_balanced: False
	data_augmentation: True
	lr: 5e-05
	nonlinear_classifier: False
	resnet18: False
	resnet_dropout: 0.0
	test_env: [0]
	weight_decay: 0.0
device: cuda
Best model upto now
env0_in_acc   env0_out_acc  env1_in_acc   env1_out_acc  env2_in_acc   env2_out_acc  env3_in_acc   env3_out_acc  epoch         loss          mem_gb        step          step_time    
0.4416961131  0.4204946996  0.4235294118  0.4237288136  0.3122619954  0.2850609756  0.3435764532  0.3511111111  0.0000000000  1.8077751398  7.7879123688  0             1.5976915359 
Best model upto now
0.9779151943  0.9646643110  0.8080000000  0.7702448211  0.8865194212  0.8155487805  0.9285449833  0.8725925926  8.4805653710  0.7411484406  8.0368142128  300           0.7986590854 
Best model upto now
0.9681978799  0.9575971731  0.8757647059  0.7890772128  0.9272658035  0.8323170732  0.9603850426  0.8696296296  16.961130742  0.5620336862  8.0383858681  600           0.8018596307 
0.9673144876  0.9681978799  0.9077647059  0.7627118644  0.9638233054  0.8185975610  0.9774157719  0.8814814815  25.441696113  0.5229466568  8.0383858681  900           0.8018691071 
0.9823321555  0.9646643110  0.9548235294  0.7721280603  0.9843869002  0.8262195122  0.9888930026  0.8829629630  33.922261484  0.4403116368  8.0383858681  1200          0.8281863896 
0.9734982332  0.9646643110  0.9614117647  0.7570621469  0.9805788271  0.8048780488  0.9907441688  0.8681481481  42.402826855  0.4306173281  8.0383858681  1500          0.8524188534 
0.9743816254  0.9752650177  0.9825882353  0.7796610169  0.9923838538  0.8307926829  0.9955572010  0.8725925926  50.883392226  0.4416865911  8.0383858681  1800          0.8804543281 
0.9734982332  0.9646643110  0.9891764706  0.7871939736  0.9961919269  0.8216463415  0.9970381340  0.8755555556  59.363957597  0.4164494083  8.0383858681  2100          0.8496491464 
0.9690812721  0.9787985866  0.9943529412  0.7702448211  0.9931454684  0.8277439024  0.9988893003  0.8651851852  67.844522968  0.4237464321  8.0383858681  2400          0.8351143527 
0.9779151943  0.9858657244  0.9952941176  0.7721280603  0.9954303123  0.8201219512  0.9966679008  0.8814814815  76.325088339  0.3928904601  8.0383858681  2700          0.8171045478 
0.9743816254  0.9717314488  0.9962352941  0.7758945386  0.9961919269  0.8185975610  0.9974083673  0.8666666667  84.805653710  0.3823803289  8.0383858681  3000          0.7975057220 
0.9743816254  0.9717314488  0.9948235294  0.7514124294  0.9965727342  0.8125000000  0.9985190670  0.8770370370  93.286219081  0.3545462111  8.0383858681  3300          0.8044894433 
Best model upto now
0.9770318021  0.9823321555  0.9957647059  0.7853107345  0.9969535415  0.8384146341  0.9966679008  0.8740740741  101.76678445  0.3426363415  8.0383858681  3600          0.7607362048 
0.9726148410  0.9575971731  0.9967058824  0.7853107345  0.9973343488  0.8292682927  1.0000000000  0.8518518519  110.24734982  0.3634393643  8.0383858681  3900          0.7639220810 
0.9814487633  0.9823321555  0.9952941176  0.7853107345  0.9965727342  0.8064024390  0.9996297668  0.8607407407  118.72791519  0.3522014197  8.0383858681  4200          0.8886122823 
0.9734982332  0.9752650177  0.9938823529  0.7815442561  0.9988575781  0.8338414634  0.9988893003  0.8814814815  127.20848056  0.3682770337  8.0383858681  4500          0.7368430114 
0.9761484099  0.9752650177  0.9985882353  0.7702448211  0.9984767708  0.8018292683  0.9992595335  0.8755555556  135.68904593  0.3519796865  8.0383858681  4800          0.7602623836 
0.9726148410  0.9752650177  0.9967058824  0.7476459510  0.9980959634  0.8307926829  0.9992595335  0.8548148148  141.34275618  0.3739464715  8.0383858681  5000          0.7563144708 
