Environment:
	Python: 3.8.13
	PyTorch: 1.8.1+cu111
	Torchvision: 0.9.1+cu111
	CUDA: 11.1
	CUDNN: 8005
	NumPy: 1.23.3
	PIL: 9.2.0
Args:
	algorithm: ERM_SDViT
	checkpoint_freq: None
	data_dir: ./domainbed/data/
	dataset: PACS
	holdout_fraction: 0.2
	hparams: {"backbone":"DeitSmall","batch_size":32,"lr":5e-05,"resnet_dropout":0.0,"weight_decay":0.0,"CutMix":"True"}
	hparams_seed: 0
	output_dir: ./domainbed/PACS/ERM_SDViT_Deit-S/CutMix/bf29004c11075862f7dfd9c2c80d24f4
	save_best_model: True
	save_model_every_checkpoint: False
	seed: 377757251
	skip_model_save: False
	steps: None
	task: domain_generalization
	test_envs: [3]
	trial_seed: 2
	uda_holdout_fraction: 0
HParams:
	CutMix: True
	EMA: False
	EMA_decay: 0.999
	KL_Div_Temperature: 3.0
	RB_loss_weight: 0.5
	backbone: DeitSmall
	batch_size: 32
	class_balanced: False
	data_augmentation: True
	lr: 5e-05
	nonlinear_classifier: False
	resnet18: False
	resnet_dropout: 0.0
	test_env: [3]
	weight_decay: 0.0
device: cuda
Best model upto now
env0_in_acc   env0_out_acc  env1_in_acc   env1_out_acc  env2_in_acc   env2_out_acc  env3_in_acc   env3_out_acc  epoch         loss          mem_gb        step          step_time    
0.1439902379  0.1662591687  0.2675906183  0.2585470085  0.1931137725  0.2155688623  0.1797073791  0.2203821656  0.0000000000  2.1687936783  7.7879285812  0             0.6902751923 
Best model upto now
0.9865771812  0.9633251834  0.9877398721  0.9700854701  0.9985029940  0.9940119760  0.7563613232  0.7694267516  7.1856287425  0.6460370266  8.0354790688  300           0.3621789225 
0.9957291031  0.9657701711  0.9946695096  0.9658119658  1.0000000000  0.9940119760  0.7220101781  0.7439490446  14.371257485  0.4582637709  8.0354790688  600           0.4965195004 
0.9975594875  0.9535452323  0.9973347548  0.9636752137  1.0000000000  0.9970059880  0.7003816794  0.7095541401  21.556886227  0.4186184059  8.0354790688  900           0.5369962382 
0.9993898719  0.9462102689  0.9973347548  0.9679487179  1.0000000000  0.9910179641  0.7293256997  0.7388535032  28.742514970  0.4272765621  8.0354790688  1200          0.5430396883 
Best model upto now
0.9993898719  0.9682151589  1.0000000000  0.9829059829  1.0000000000  0.9940119760  0.7674936387  0.7834394904  35.928143712  0.4003733119  8.0354790688  1500          0.5544876726 
0.9987797437  0.9731051345  0.9989339019  0.9807692308  1.0000000000  0.9910179641  0.7884860051  0.7923566879  43.113772455  0.3879310262  8.0383477211  1800          0.5493057656 
0.9975594875  0.9657701711  0.9994669510  0.9786324786  1.0000000000  0.9880239521  0.8091603053  0.8101910828  50.299401197  0.4022052347  8.0383477211  2100          0.5469785794 
1.0000000000  0.9706601467  1.0000000000  0.9764957265  1.0000000000  0.9760479042  0.7500000000  0.7732484076  57.485029940  0.4176446527  8.0383477211  2400          0.5450020146 
0.9993898719  0.9657701711  0.9994669510  0.9658119658  1.0000000000  0.9940119760  0.7674936387  0.7707006369  64.670658682  0.3992155215  8.0383477211  2700          0.5417738541 
1.0000000000  0.9657701711  0.9994669510  0.9807692308  1.0000000000  0.9910179641  0.7694020356  0.7974522293  71.856287425  0.3810796665  8.0383477211  3000          0.5538733387 
1.0000000000  0.9535452323  0.9989339019  0.9807692308  1.0000000000  0.9970059880  0.7423664122  0.7464968153  79.041916167  0.3842454558  8.0383477211  3300          0.5491416303 
0.9993898719  0.9559902200  0.9994669510  0.9722222222  1.0000000000  0.9850299401  0.7678117048  0.7745222930  86.227544910  0.3452022933  8.0383477211  3600          0.5484398166 
1.0000000000  0.9511002445  0.9994669510  0.9786324786  1.0000000000  0.9910179641  0.7700381679  0.8000000000  93.413173652  0.3883175009  8.0383477211  3900          0.5539109055 
1.0000000000  0.9657701711  1.0000000000  0.9786324786  0.9985029940  0.9850299401  0.7830788804  0.7949044586  100.59880239  0.4006884460  8.0383477211  4200          0.5612297241 
Best model upto now
0.9993898719  0.9682151589  0.9994669510  0.9807692308  1.0000000000  0.9970059880  0.7573155216  0.7617834395  107.78443113  0.3597895956  8.0383477211  4500          0.5541092332 
1.0000000000  0.9706601467  0.9994669510  0.9871794872  1.0000000000  0.9880239521  0.7783078880  0.7949044586  114.97005988  0.3345503952  8.0383477211  4800          0.5276742514 
1.0000000000  0.9608801956  1.0000000000  0.9743589744  1.0000000000  0.9850299401  0.7763994911  0.7757961783  119.76047904  0.3147236990  8.0383477211  5000          0.5646873820 
