Environment:
	Python: 3.8.13
	PyTorch: 1.8.1+cu111
	Torchvision: 0.9.1+cu111
	CUDA: 11.1
	CUDNN: 8005
	NumPy: 1.23.3
	PIL: 9.2.0
Args:
	algorithm: ERM_SDViT
	checkpoint_freq: None
	data_dir: ./domainbed/data/
	dataset: VLCS
	holdout_fraction: 0.2
	hparams: {"backbone":"DeitSmall","batch_size":32,"lr":5e-05,"resnet_dropout":0.0,"weight_decay":0.0,"CutMix":"True"}
	hparams_seed: 0
	output_dir: ./domainbed/VLCS/ERM_SDViT_ours/ERM_SDViT_ours_DeiT-small/CutMix/52e22dbbc608116fc9e31d2252b9e637
	save_best_model: True
	save_model_every_checkpoint: False
	seed: 68040364
	skip_model_save: False
	steps: None
	task: domain_generalization
	test_envs: [3]
	trial_seed: 1
	uda_holdout_fraction: 0
HParams:
	CutMix: True
	EMA: False
	EMA_decay: 0.999
	KL_Div_Temperature: 3.0
	RB_loss_weight: 0.5
	backbone: DeitSmall
	batch_size: 32
	class_balanced: False
	data_augmentation: True
	lr: 5e-05
	nonlinear_classifier: False
	resnet18: False
	resnet_dropout: 0.0
	test_env: [3]
	weight_decay: 0.0
device: cuda
Best model upto now
env0_in_acc   env0_out_acc  env1_in_acc   env1_out_acc  env2_in_acc   env2_out_acc  env3_in_acc   env3_out_acc  epoch         loss          mem_gb        step          step_time    
0.7190812721  0.7067137809  0.3402352941  0.3389830508  0.2760853008  0.3140243902  0.3050721955  0.3051851852  0.0000000000  1.5567262173  7.7876243591  0             2.3796632290 
Best model upto now
1.0000000000  1.0000000000  0.8296470588  0.7570621469  0.8865194212  0.8262195122  0.8182154757  0.8014814815  8.4805653710  0.6255372739  8.0373024940  300           0.7431117717 
Best model upto now
1.0000000000  0.9964664311  0.8931764706  0.7589453861  0.9440213252  0.8323170732  0.8119215106  0.8103703704  16.961130742  0.4992556048  8.0377144814  600           0.7369685125 
1.0000000000  1.0000000000  0.9505882353  0.7419962335  0.9748667174  0.8445121951  0.7930396150  0.7851851852  25.441696113  0.4305099128  8.0378365517  900           0.7444148477 
1.0000000000  0.9964664311  0.9684705882  0.7514124294  0.9904798172  0.8231707317  0.7882265827  0.7792592593  33.922261484  0.3686913006  8.0378365517  1200          0.7457635991 
1.0000000000  0.9929328622  0.9792941176  0.7532956685  0.9900990099  0.8323170732  0.7774898186  0.7629629630  42.402826855  0.3868206481  8.0378365517  1500          0.7472607509 
Best model upto now
1.0000000000  0.9964664311  0.9891764706  0.7740112994  0.9954303123  0.8414634146  0.7734172529  0.7600000000  50.883392226  0.3775866535  8.0378365517  1800          0.7386889331 
1.0000000000  0.9929328622  0.9868235294  0.7419962335  0.9927646611  0.8246951220  0.7871158830  0.7629629630  59.363957597  0.3561686513  8.0378365517  2100          0.7438963612 
1.0000000000  0.9964664311  0.9887058824  0.7419962335  0.9977151561  0.8384146341  0.7811921511  0.7703703704  67.844522968  0.3331696498  8.0378365517  2400          0.7552391450 
1.0000000000  1.0000000000  0.9976470588  0.7664783427  0.9984767708  0.8246951220  0.7834135505  0.7837037037  76.325088339  0.3361427704  8.0378365517  2700          0.7500001653 
1.0000000000  1.0000000000  0.9938823529  0.7514124294  0.9954303123  0.8125000000  0.7689744539  0.7644444444  84.805653710  0.3679550681  8.0378365517  3000          0.8120101881 
1.0000000000  0.9964664311  0.9957647059  0.7645951036  0.9977151561  0.8429878049  0.7834135505  0.7570370370  93.286219081  0.3380796663  8.0378365517  3300          0.9033292786 
1.0000000000  1.0000000000  0.9971764706  0.7645951036  0.9977151561  0.8201219512  0.7763791188  0.7466666667  101.76678445  0.3477722254  8.0378365517  3600          0.9846008468 
1.0000000000  1.0000000000  0.9985882353  0.7627118644  0.9988575781  0.8216463415  0.7478711588  0.7392592593  110.24734982  0.2870383936  8.0378365517  3900          1.0037646262 
1.0000000000  1.0000000000  0.9948235294  0.7871939736  0.9977151561  0.8094512195  0.7593483895  0.7555555556  118.72791519  0.3211652463  8.0378365517  4200          1.0018481318 
1.0000000000  1.0000000000  0.9971764706  0.7532956685  0.9980959634  0.8231707317  0.7545353573  0.7303703704  127.20848056  0.3207032572  8.0378365517  4500          0.5050588814 
1.0000000000  1.0000000000  0.9952941176  0.7589453861  0.9927646611  0.8292682927  0.7512032581  0.7318518519  135.68904593  0.3379159159  8.0378365517  4800          0.4760662738 
1.0000000000  0.9929328622  0.9995294118  0.7683615819  0.9992383854  0.8292682927  0.7863754165  0.7629629630  141.34275618  0.3006599692  8.0378365517  5000          0.4781291819 
