Environment:
	Python: 3.8.13
	PyTorch: 1.8.1+cu111
	Torchvision: 0.9.1+cu111
	CUDA: 11.1
	CUDNN: 8005
	NumPy: 1.23.3
	PIL: 9.2.0
Args:
	algorithm: ERM_SDViT
	checkpoint_freq: None
	data_dir: ./domainbed/data/
	dataset: VLCS
	holdout_fraction: 0.2
	hparams: {"backbone":"DeitSmall","batch_size":32,"lr":5e-05,"resnet_dropout":0.0,"weight_decay":0.0}
	hparams_seed: 0
	output_dir: ./domainbed/VLCS/ERM_SDViT_ours/ERM_SDViT_ours_DeiT-small/baseline/81c1f654ad1de1f7196622de989cf7c9
	save_best_model: True
	save_model_every_checkpoint: False
	seed: 908645771
	skip_model_save: False
	steps: None
	task: domain_generalization
	test_envs: [1]
	trial_seed: 1
	uda_holdout_fraction: 0
HParams:
	CutMix: False
	EMA: False
	EMA_decay: 0.999
	KL_Div_Temperature: 3.0
	RB_loss_weight: 0.5
	backbone: DeitSmall
	batch_size: 32
	class_balanced: False
	data_augmentation: True
	lr: 5e-05
	nonlinear_classifier: False
	resnet18: False
	resnet_dropout: 0.0
	test_env: [1]
	weight_decay: 0.0
device: cuda
Best model upto now
env0_in_acc   env0_out_acc  env1_in_acc   env1_out_acc  env2_in_acc   env2_out_acc  env3_in_acc   env3_out_acc  epoch         loss          mem_gb        step          step_time    
0.5097173145  0.5265017668  0.3407058824  0.3370998117  0.3293983244  0.3277439024  0.3135875602  0.2844444444  0.0000000000  1.8264182806  7.7879123688  0             1.0722489357 
Best model upto now
1.0000000000  0.9964664311  0.6480000000  0.6553672316  0.9162223915  0.8612804878  0.9533506109  0.8785185185  8.4805653710  0.3845017185  8.0368123055  300           0.3747740642 
1.0000000000  0.9964664311  0.6640000000  0.6685499058  0.9638233054  0.8567073171  0.9766753054  0.8814814815  16.961130742  0.2302415115  8.0383839607  600           0.3840049823 
1.0000000000  0.9964664311  0.6498823529  0.6440677966  0.9828636710  0.8414634146  0.9863013699  0.8888888889  25.441696113  0.1828674630  8.0383839607  900           0.3906454190 
1.0000000000  0.9964664311  0.6771764706  0.6760828625  0.9920030465  0.8475609756  0.9940762680  0.8725925926  33.922261484  0.1673612334  8.0383839607  1200          0.3979360882 
1.0000000000  0.9964664311  0.6607058824  0.6516007533  0.9836252856  0.8521341463  0.9892632358  0.8622222222  42.402826855  0.1532664045  8.0383839607  1500          0.5972269972 
1.0000000000  1.0000000000  0.6757647059  0.6704331450  0.9912414318  0.8475609756  0.9944465013  0.8725925926  50.883392226  0.1415337241  8.0383839607  1800          0.7207023342 
Best model upto now
1.0000000000  1.0000000000  0.6720000000  0.6516007533  0.9958111196  0.8704268293  0.9937060348  0.8696296296  59.363957597  0.1399019063  8.0383839607  2100          0.7618379203 
1.0000000000  1.0000000000  0.6305882353  0.6195856874  0.9935262757  0.8399390244  0.9959274343  0.8577777778  67.844522968  0.1344157125  8.0383839607  2400          0.7983927759 
1.0000000000  0.9964664311  0.6560000000  0.6384180791  0.9954303123  0.8414634146  0.9914846353  0.8592592593  76.325088339  0.1219165230  8.0383839607  2700          0.8019768651 
1.0000000000  0.9964664311  0.6249411765  0.6139359699  0.9961919269  0.8490853659  0.9970381340  0.8637037037  84.805653710  0.1131634220  8.0383839607  3000          0.8076351945 
1.0000000000  1.0000000000  0.6428235294  0.6290018832  0.9950495050  0.8384146341  0.9966679008  0.8562962963  93.286219081  0.1201843602  8.0383839607  3300          0.7988015493 
1.0000000000  1.0000000000  0.6352941176  0.6271186441  0.9927646611  0.8323170732  0.9940762680  0.8533333333  101.76678445  0.1180227297  8.0383839607  3600          0.7960498714 
1.0000000000  1.0000000000  0.6150588235  0.6158192090  0.9980959634  0.8201219512  0.9940762680  0.8488888889  110.24734982  0.1078593061  8.0383839607  3900          0.7879132684 
0.9991166078  0.9964664311  0.6536470588  0.6365348399  0.9973343488  0.8384146341  0.9981488338  0.8488888889  118.72791519  0.1151402934  8.0383839607  4200          0.7724167744 
1.0000000000  1.0000000000  0.6583529412  0.6421845574  0.9992383854  0.8368902439  0.9985190670  0.8459259259  127.20848056  0.1070099739  8.0383839607  4500          0.7720189770 
1.0000000000  1.0000000000  0.6343529412  0.6346516008  0.9961919269  0.8246951220  0.9977786005  0.8444444444  135.68904593  0.1065797632  8.0383839607  4800          0.7813137142 
1.0000000000  0.9893992933  0.6334117647  0.6177024482  0.9969535415  0.8414634146  0.9977786005  0.8503703704  141.34275618  0.1080374833  8.0383839607  5000          0.8057387996 
