Environment:
	Python: 3.8.13
	PyTorch: 1.8.1+cu111
	Torchvision: 0.9.1+cu111
	CUDA: 11.1
	CUDNN: 8005
	NumPy: 1.23.3
	PIL: 9.2.0
Args:
	algorithm: ERM_ViT
	checkpoint_freq: None
	data_dir: ./domainbed/data/
	dataset: VLCS
	holdout_fraction: 0.2
	hparams: {"backbone":"DeitSmall","batch_size":32,"lr":5e-05,"resnet_dropout":0.0,"weight_decay":0.0,"CutMix":"True"}
	hparams_seed: 0
	output_dir: ./domainbed/VLCS/ERM_ViT_ours/ERM_ViT_ours_DeiT-small/CutMix/5fd3b92877cb100c71aa3c63ca81ad5d
	save_best_model: True
	save_model_every_checkpoint: False
	seed: 662181585
	skip_model_save: False
	steps: None
	task: domain_generalization
	test_envs: [3]
	trial_seed: 0
	uda_holdout_fraction: 0
HParams:
	CutMix: True
	EMA: False
	EMA_decay: 0.999
	backbone: DeitSmall
	batch_size: 32
	class_balanced: False
	data_augmentation: True
	lr: 5e-05
	nonlinear_classifier: False
	resnet18: False
	resnet_dropout: 0.0
	test_env: [3]
	weight_decay: 0.0
device: cuda
Best model upto now
env0_in_acc   env0_out_acc  env1_in_acc   env1_out_acc  env2_in_acc   env2_out_acc  env3_in_acc   env3_out_acc  epoch         loss          mem_gb        step          step_time    
0.5203180212  0.5477031802  0.5261176471  0.5386064030  0.2642802742  0.2591463415  0.2784154017  0.2711111111  0.0000000000  1.8977533579  7.7879123688  0             1.7197291851 
Best model upto now
1.0000000000  1.0000000000  0.8456470588  0.7890772128  0.8964204113  0.8170731707  0.7756386524  0.7970370370  8.4805653710  0.5357156930  8.0368142128  300           0.8995321965 
Best model upto now
1.0000000000  1.0000000000  0.8983529412  0.7984934087  0.9554455446  0.8323170732  0.7989633469  0.8103703704  16.961130742  0.3972699253  8.0383858681  600           0.8591123144 
1.0000000000  1.0000000000  0.8767058824  0.7005649718  0.9683929931  0.8048780488  0.7848944835  0.7970370370  25.441696113  0.3395418513  8.0383858681  900           0.8604983894 
1.0000000000  0.9964664311  0.9717647059  0.7721280603  0.9900990099  0.7972560976  0.7860051833  0.8014814815  33.922261484  0.3185321858  8.0383858681  1200          0.8768071191 
1.0000000000  0.9964664311  0.9680000000  0.7401129944  0.9916222391  0.8262195122  0.7985931137  0.8044444444  42.402826855  0.3031415066  8.0383858681  1500          0.8431797465 
1.0000000000  1.0000000000  0.9910588235  0.7909604520  0.9961919269  0.8140243902  0.7926693817  0.7837037037  50.883392226  0.2627143835  8.0383858681  1800          0.8102160549 
1.0000000000  1.0000000000  0.9891764706  0.7627118644  0.9980959634  0.8185975610  0.7897075157  0.7851851852  59.363957597  0.2727626552  8.0383858681  2100          0.8028977895 
1.0000000000  1.0000000000  0.9952941176  0.7853107345  0.9977151561  0.8018292683  0.7682339874  0.7748148148  67.844522968  0.2612004653  8.0383858681  2400          0.8341594283 
1.0000000000  1.0000000000  0.9924705882  0.7966101695  0.9988575781  0.7926829268  0.7800814513  0.7881481481  76.325088339  0.2522721172  8.0383858681  2700          0.8353058910 
1.0000000000  1.0000000000  0.9976470588  0.7834274953  0.9988575781  0.7957317073  0.7723065531  0.7762962963  84.805653710  0.2420496508  8.0383858681  3000          0.8658368794 
1.0000000000  1.0000000000  0.9934117647  0.7721280603  0.9946686976  0.8231707317  0.7512032581  0.7555555556  93.286219081  0.2344321094  8.0383858681  3300          0.8708125814 
1.0000000000  1.0000000000  0.9981176471  0.7796610169  0.9984767708  0.8231707317  0.7611995557  0.7674074074  101.76678445  0.2377224216  8.0383858681  3600          0.8867647505 
1.0000000000  1.0000000000  0.9967058824  0.7890772128  0.9996191927  0.8125000000  0.7852647168  0.7703703704  110.24734982  0.2381533925  8.0383858681  3900          0.8455524961 
1.0000000000  1.0000000000  0.9929411765  0.7777777778  0.9973343488  0.7865853659  0.7597186227  0.7451851852  118.72791519  0.2357299487  8.0383858681  4200          0.8581208293 
1.0000000000  0.9964664311  0.9962352941  0.7721280603  0.9996191927  0.8003048780  0.7686042207  0.7585185185  127.20848056  0.2179693600  8.0383858681  4500          0.8224940221 
1.0000000000  1.0000000000  0.9957647059  0.7815442561  0.9931454684  0.8018292683  0.7556460570  0.7481481481  135.68904593  0.2114788066  8.0383858681  4800          0.7814422433 
1.0000000000  1.0000000000  0.9971764706  0.7627118644  0.9988575781  0.8048780488  0.7600888560  0.7703703704  141.34275618  0.2552117671  8.0383858681  5000          0.7570834112 
