Environment:
	Python: 3.8.13
	PyTorch: 1.8.1+cu111
	Torchvision: 0.9.1+cu111
	CUDA: 11.1
	CUDNN: 8005
	NumPy: 1.23.3
	PIL: 9.2.0
Args:
	algorithm: ERM_ViT
	checkpoint_freq: None
	data_dir: ./domainbed/data/
	dataset: OfficeHome
	holdout_fraction: 0.2
	hparams: {"backbone":"DeitSmall","batch_size":32,"lr":5e-05,"resnet_dropout":0.0,"weight_decay":0.0,"CutMix":"True"}
	hparams_seed: 0
	output_dir: ./domainbed/OfficeHome/ERM_ViT_ours/ERM_ViT_ours_DeiT-small/CutMix/7f24664c503f642d87522487630409cf
	save_best_model: True
	save_model_every_checkpoint: False
	seed: 649684941
	skip_model_save: False
	steps: None
	task: domain_generalization
	test_envs: [2]
	trial_seed: 1
	uda_holdout_fraction: 0
HParams:
	CutMix: True
	EMA: False
	EMA_decay: 0.999
	backbone: DeitSmall
	batch_size: 32
	class_balanced: False
	data_augmentation: True
	lr: 5e-05
	nonlinear_classifier: False
	resnet18: False
	resnet_dropout: 0.0
	test_env: [2]
	weight_decay: 0.0
device: cuda
Best model upto now
env0_in_acc   env0_out_acc  env1_in_acc   env1_out_acc  env2_in_acc   env2_out_acc  env3_in_acc   env3_out_acc  epoch         loss          mem_gb        step          step_time    
0.0092687951  0.0144329897  0.0154639175  0.0103092784  0.0098536036  0.0112739572  0.0126219162  0.0103329506  0.0000000000  4.5386166573  7.7882575989  0             1.0030751228 
Best model upto now
0.8970133883  0.8206185567  0.8316151203  0.7388316151  0.7832207207  0.7688838782  0.8978772232  0.8323765786  4.9433573635  1.9279973942  8.0360569954  300           0.6937850690 
Best model upto now
0.9562306900  0.8680412371  0.9120847652  0.8029782360  0.7894144144  0.7981961669  0.9449225473  0.8599311137  9.8867147271  0.9721194966  8.0360569954  600           0.7559867104 
0.9794026777  0.8515463918  0.9430126002  0.8144329897  0.8079954955  0.8015783540  0.9698795181  0.8507462687  14.830072090  0.8108844241  8.0389256477  900           0.7646357425 
Best model upto now
0.9917610711  0.8721649485  0.9642038946  0.8121420389  0.8012387387  0.7880496054  0.9793459552  0.8748564868  19.773429454  0.7574139394  8.0389256477  1200          0.7717339611 
0.9938208033  0.8639175258  0.9716494845  0.8247422680  0.8060247748  0.8027057497  0.9859437751  0.8587830080  24.716786817  0.7714237421  8.0389256477  1500          0.7349330052 
0.9933058702  0.8536082474  0.9736540664  0.8316151203  0.8127815315  0.7936865840  0.9893861159  0.8645235362  29.660144181  0.6843855156  8.0389256477  1800          0.7460568810 
0.9948506694  0.8412371134  0.9776632302  0.8109965636  0.8037725225  0.7801578354  0.9934021801  0.8656716418  34.603501544  0.5938967683  8.0389256477  2100          0.7415241448 
0.9958805355  0.8453608247  0.9779495991  0.8201603666  0.8046171171  0.7959413754  0.9896729776  0.8587830080  39.546858908  0.5838988535  8.0389256477  2400          0.7245433021 
0.9953656025  0.8494845361  0.9779495991  0.8327605956  0.8136261261  0.8083427283  0.9939759036  0.8576349024  44.490216271  0.5864272402  8.0389256477  2700          0.6947350748 
0.9943357364  0.8474226804  0.9822451317  0.8281786942  0.8088400901  0.8038331454  0.9965576592  0.8668197474  49.433573635  0.5661041849  8.0389256477  3000          0.6842687448 
0.9933058702  0.8432989691  0.9833906071  0.8247422680  0.8139076577  0.8038331454  0.9951233505  0.8564867968  54.376930999  0.5188870953  8.0389256477  3300          0.6756511211 
0.9963954686  0.8474226804  0.9828178694  0.8373424971  0.8034909910  0.8151071026  0.9959839357  0.8622273249  59.320288362  0.4577324460  8.0389256477  3600          0.6662878561 
0.9958805355  0.8453608247  0.9845360825  0.8419243986  0.8029279279  0.7925591883  0.9956970740  0.8576349024  64.263645726  0.5468070856  8.0389256477  3900          0.7215960352 
0.9963954686  0.8185567010  0.9819587629  0.8465063001  0.8051801802  0.7959413754  0.9945496271  0.8610792193  69.207003089  0.5140507541  8.0389256477  4200          0.7009090932 
0.9963954686  0.8288659794  0.9839633448  0.8407789233  0.8046171171  0.7903043968  0.9968445209  0.8748564868  74.150360453  0.5190759433  8.0389256477  4500          0.7066037027 
0.9958805355  0.8453608247  0.9828178694  0.8316151203  0.8164414414  0.8105975197  0.9965576592  0.8702640643  79.093717816  0.4457335494  8.0389256477  4800          0.7241000708 
0.9969104016  0.8247422680  0.9833906071  0.8350515464  0.8068693694  0.8038331454  0.9965576592  0.8633754305  82.389289392  0.4738538598  8.0389256477  5000          0.7104072583 
