Environment:
	Python: 3.8.13
	PyTorch: 1.8.1+cu111
	Torchvision: 0.9.1+cu111
	CUDA: 11.1
	CUDNN: 8005
	NumPy: 1.23.3
	PIL: 9.2.0
Args:
	algorithm: ERM_ViT
	checkpoint_freq: None
	data_dir: ./domainbed/data/
	dataset: VLCS
	holdout_fraction: 0.2
	hparams: {"backbone":"DeitSmall","batch_size":32,"lr":5e-05,"resnet_dropout":0.0,"weight_decay":0.0}
	hparams_seed: 0
	output_dir: ./domainbed/VLCS/ERM_ViT_ours/ERM_ViT_ours_DeiT-small/baseline/7f5f08e4040e003e0b44382c911be1d3
	save_best_model: True
	save_model_every_checkpoint: False
	seed: 1972528738
	skip_model_save: False
	steps: None
	task: domain_generalization
	test_envs: [1]
	trial_seed: 2
	uda_holdout_fraction: 0
HParams:
	CutMix: False
	EMA: False
	EMA_decay: 0.999
	backbone: DeitSmall
	batch_size: 32
	class_balanced: False
	data_augmentation: True
	lr: 5e-05
	nonlinear_classifier: False
	resnet18: False
	resnet_dropout: 0.0
	test_env: [1]
	weight_decay: 0.0
device: cuda
Best model upto now
env0_in_acc   env0_out_acc  env1_in_acc   env1_out_acc  env2_in_acc   env2_out_acc  env3_in_acc   env3_out_acc  epoch         loss          mem_gb        step          step_time    
0.6687279152  0.6501766784  0.4668235294  0.4369114878  0.3236862148  0.2835365854  0.3709737134  0.3748148148  0.0000000000  1.5065113306  7.7879123688  0             0.8257148266 
Best model upto now
1.0000000000  1.0000000000  0.6536470588  0.6685499058  0.9211728865  0.8277439024  0.9522399111  0.8992592593  8.4805653710  0.2343988403  8.0368123055  300           0.3916942326 
1.0000000000  1.0000000000  0.6517647059  0.6629001883  0.9683929931  0.8307926829  0.9796371714  0.8844444444  16.961130742  0.0823046401  8.0383839607  600           0.4169480451 
1.0000000000  0.9929328622  0.6343529412  0.6610169492  0.9862909368  0.8185975610  0.9896334691  0.8800000000  25.441696113  0.0428198926  8.0383839607  900           0.5887227217 
1.0000000000  0.9929328622  0.6352941176  0.6553672316  0.9912414318  0.8231707317  0.9911144021  0.8711111111  33.922261484  0.0240878904  8.0383839607  1200          0.7681398161 
1.0000000000  0.9964664311  0.6131764706  0.6195856874  0.9878141660  0.8307926829  0.9914846353  0.8800000000  42.402826855  0.0213189870  8.0383839607  1500          0.7605719598 
0.9991166078  0.9823321555  0.6324705882  0.6666666667  0.9931454684  0.8155487805  0.9933358016  0.8622222222  50.883392226  0.0160180188  8.0383839607  1800          0.7569308949 
1.0000000000  0.9964664311  0.5764705882  0.5819209040  0.9866717441  0.8155487805  0.9944465013  0.8725925926  59.363957597  0.0104454389  8.0383839607  2100          0.7543077795 
1.0000000000  0.9964664311  0.6065882353  0.6346516008  0.9961919269  0.8155487805  0.9970381340  0.8637037037  67.844522968  0.0137311522  8.0383839607  2400          0.7600784906 
1.0000000000  0.9929328622  0.6202352941  0.6403013183  0.9946686976  0.8277439024  0.9948167345  0.8681481481  76.325088339  0.0133062222  8.0383839607  2700          0.7588456488 
1.0000000000  0.9929328622  0.6249411765  0.6572504708  0.9942878903  0.8155487805  0.9970381340  0.8829629630  84.805653710  0.0105648470  8.0383839607  3000          0.7525354815 
1.0000000000  1.0000000000  0.6291764706  0.6459510358  0.9965727342  0.8307926829  0.9970381340  0.8696296296  93.286219081  0.0092335447  8.0383839607  3300          0.7655341466 
1.0000000000  0.9929328622  0.6437647059  0.6572504708  0.9931454684  0.8079268293  0.9959274343  0.8488888889  101.76678445  0.0102825799  8.0383839607  3600          0.7723008339 
1.0000000000  1.0000000000  0.6084705882  0.6101694915  0.9900990099  0.8109756098  0.9944465013  0.8577777778  110.24734982  0.0097529716  8.0383839607  3900          0.7789115214 
0.9991166078  0.9929328622  0.6174117647  0.6308851224  0.9965727342  0.8079268293  0.9981488338  0.8844444444  118.72791519  0.0092922967  8.0383839607  4200          0.7872932212 
1.0000000000  0.9964664311  0.6338823529  0.6516007533  0.9904798172  0.8140243902  0.9962976675  0.8400000000  127.20848056  0.0080990398  8.0383839607  4500          0.8045860887 
1.0000000000  0.9964664311  0.6103529412  0.6403013183  0.9942878903  0.8125000000  0.9948167345  0.8622222222  135.68904593  0.0081945567  8.0383839607  4800          0.8241113162 
1.0000000000  0.9929328622  0.5760000000  0.6064030132  0.9946686976  0.8231707317  0.9985190670  0.8637037037  141.34275618  0.0136467966  8.0383839607  5000          0.8094247937 
