Environment:
	Python: 3.8.13
	PyTorch: 1.8.1+cu111
	Torchvision: 0.9.1+cu111
	CUDA: 11.1
	CUDNN: 8005
	NumPy: 1.23.3
	PIL: 9.2.0
Args:
	algorithm: ERM_ViT
	checkpoint_freq: None
	data_dir: ./domainbed/data/
	dataset: OfficeHome
	holdout_fraction: 0.2
	hparams: {"backbone":"DeitSmall","batch_size":32,"lr":5e-05,"resnet_dropout":0.0,"weight_decay":0.0}
	hparams_seed: 0
	output_dir: ./domainbed/OfficeHome/ERM_ViT_ours/ERM_ViT_ours_DeiT-small/baseline/198dfbccac7e10d8a26970f6f849413d
	save_best_model: True
	save_model_every_checkpoint: False
	seed: 1451918809
	skip_model_save: False
	steps: None
	task: domain_generalization
	test_envs: [3]
	trial_seed: 0
	uda_holdout_fraction: 0
HParams:
	CutMix: False
	EMA: False
	EMA_decay: 0.999
	backbone: DeitSmall
	batch_size: 32
	class_balanced: False
	data_augmentation: True
	lr: 5e-05
	nonlinear_classifier: False
	resnet18: False
	resnet_dropout: 0.0
	test_env: [3]
	weight_decay: 0.0
device: cuda
Best model upto now
env0_in_acc   env0_out_acc  env1_in_acc   env1_out_acc  env2_in_acc   env2_out_acc  env3_in_acc   env3_out_acc  epoch         loss          mem_gb        step          step_time    
0.0128733265  0.0061855670  0.0186139748  0.0148911798  0.0106981982  0.0157835400  0.0123350545  0.0034443169  0.0000000000  4.4501338005  7.7882556915  0             3.5091657639 
Best model upto now
0.9330587024  0.8020618557  0.8613974800  0.7399770905  0.9262387387  0.8737316798  0.8121055651  0.8392652124  4.9433573635  1.3156921269  8.0374131203  300           0.7338818081 
Best model upto now
0.9855818744  0.8164948454  0.9341351661  0.7766323024  0.9718468468  0.8827508455  0.8235800344  0.8312284730  9.8867147271  0.2659895263  8.0389847755  600           0.7242008360 
Best model upto now
0.9881565396  0.8185567010  0.9624856816  0.7972508591  0.9831081081  0.8974069899  0.8232931727  0.8461538462  14.830072090  0.1228617263  8.0396103859  900           0.6369369475 
0.9907312049  0.7979381443  0.9765177549  0.7789232532  0.9918355856  0.9098083427  0.8264486517  0.8438576349  19.773429454  0.0840971912  8.0396103859  1200          0.6021762053 
0.9907312049  0.8061855670  0.9790950745  0.7880870561  0.9926801802  0.9154453213  0.8227194492  0.8358208955  24.716786817  0.0647180066  8.0396103859  1500          0.6702659551 
0.9927909372  0.7917525773  0.9790950745  0.7880870561  0.9904279279  0.8895152198  0.8175559380  0.8197474168  29.660144181  0.0516553498  8.0396103859  1800          0.7325374190 
0.9933058702  0.7752577320  0.9768041237  0.7972508591  0.9876126126  0.8951521984  0.8235800344  0.8266360505  34.603501544  0.0449362220  8.0396103859  2100          0.7786843912 
0.9953656025  0.7917525773  0.9773768614  0.7938144330  0.9895833333  0.8940248027  0.8178427998  0.8323765786  39.546858908  0.0424733276  8.0396103859  2400          0.7691766349 
0.9943357364  0.8164948454  0.9776632302  0.7892325315  0.9907094595  0.8985343856  0.8086632243  0.8163030999  44.490216271  0.0439152110  8.0396103859  2700          0.7708798552 
0.9943357364  0.7979381443  0.9802405498  0.7926689576  0.9932432432  0.8816234498  0.8141135972  0.8335246843  49.433573635  0.0373827076  8.0396103859  3000          0.7407380486 
0.9922760041  0.7855670103  0.9825315006  0.7926689576  0.9929617117  0.8951521984  0.8075157774  0.8174512055  54.376930999  0.0358116860  8.0396103859  3300          0.6833626207 
0.9948506694  0.7958762887  0.9808132875  0.7938144330  0.9929617117  0.9064261556  0.8144004590  0.8266360505  59.320288362  0.0316965786  8.0396103859  3600          0.6680609870 
0.9927909372  0.7876288660  0.9768041237  0.7720504009  0.9887387387  0.8985343856  0.8118187034  0.8151549943  64.263645726  0.0295519855  8.0396103859  3900          0.6814281193 
0.9927909372  0.7670103093  0.9770904926  0.7949599084  0.9907094595  0.9007891770  0.8083763626  0.8117106774  69.207003089  0.0364221537  8.0396103859  4200          0.6738599118 
0.9912461380  0.7876288660  0.9782359679  0.7789232532  0.9946509009  0.8951521984  0.8103843947  0.8300803674  74.150360453  0.0288319037  8.0396103859  4500          0.6931618373 
0.9958805355  0.7793814433  0.9831042383  0.7903780069  0.9946509009  0.9075535513  0.8040734366  0.8128587830  79.093717816  0.0309111913  8.0396103859  4800          0.6564817540 
0.9912461380  0.8061855670  0.9839633448  0.7846506300  0.9929617117  0.8962795941  0.8055077453  0.8163030999  82.389289392  0.0305860693  8.0396103859  5000          0.6997279048 
