Environment:
	Python: 3.8.13
	PyTorch: 1.8.1+cu111
	Torchvision: 0.9.1+cu111
	CUDA: 11.1
	CUDNN: 8005
	NumPy: 1.23.3
	PIL: 9.2.0
Args:
	algorithm: ERM_SDViT
	checkpoint_freq: None
	data_dir: ./domainbed/data/
	dataset: VLCS
	holdout_fraction: 0.2
	hparams: {"backbone":"DeitSmall","batch_size":32,"lr":5e-05,"resnet_dropout":0.0,"weight_decay":0.0,"CutMix":"True"}
	hparams_seed: 0
	output_dir: ./domainbed/VLCS/ERM_SDViT_ours/ERM_SDViT_ours_DeiT-small/CutMix/e1700792069a1859bdd061be66bae5d9
	save_best_model: True
	save_model_every_checkpoint: False
	seed: 2042724310
	skip_model_save: False
	steps: None
	task: domain_generalization
	test_envs: [3]
	trial_seed: 2
	uda_holdout_fraction: 0
HParams:
	CutMix: True
	EMA: False
	EMA_decay: 0.999
	KL_Div_Temperature: 3.0
	RB_loss_weight: 0.5
	backbone: DeitSmall
	batch_size: 32
	class_balanced: False
	data_augmentation: True
	lr: 5e-05
	nonlinear_classifier: False
	resnet18: False
	resnet_dropout: 0.0
	test_env: [3]
	weight_decay: 0.0
device: cuda
Best model upto now
env0_in_acc   env0_out_acc  env1_in_acc   env1_out_acc  env2_in_acc   env2_out_acc  env3_in_acc   env3_out_acc  epoch         loss          mem_gb        step          step_time    
0.5989399293  0.5795053004  0.4432941176  0.4237288136  0.2875095202  0.2667682927  0.2976675305  0.2844444444  0.0000000000  1.7390344143  7.7879123688  0             2.6450252533 
Best model upto now
1.0000000000  1.0000000000  0.8470588235  0.7796610169  0.8968012186  0.8277439024  0.8233987412  0.8133333333  8.4805653710  0.6179155772  8.0368142128  300           0.7820715936 
1.0000000000  0.9964664311  0.8917647059  0.7758945386  0.9447829398  0.8079268293  0.8134024435  0.8014814815  16.961130742  0.4889597845  8.0383858681  600           0.7802006332 
1.0000000000  0.9964664311  0.9374117647  0.7740112994  0.9748667174  0.8109756098  0.7811921511  0.7688888889  25.441696113  0.4153352063  8.0383858681  900           0.7676969989 
1.0000000000  0.9964664311  0.9708235294  0.7834274953  0.9855293222  0.8246951220  0.7948907812  0.7866666667  33.922261484  0.4098401902  8.0383858681  1200          0.7580126405 
Best model upto now
1.0000000000  0.9964664311  0.9830588235  0.7909604520  0.9920030465  0.8246951220  0.7623102555  0.7585185185  42.402826855  0.3525300787  8.0383858681  1500          0.7623175136 
1.0000000000  0.9964664311  0.9891764706  0.7664783427  0.9900990099  0.8185975610  0.7623102555  0.7629629630  50.883392226  0.3604553294  8.0383858681  1800          0.7577916574 
Best model upto now
1.0000000000  0.9964664311  0.9896470588  0.7834274953  0.9965727342  0.8323170732  0.7737874861  0.7629629630  59.363957597  0.3733819326  8.0383858681  2100          0.7538835541 
1.0000000000  0.9964664311  0.9915294118  0.7570621469  0.9977151561  0.8109756098  0.7771195853  0.7600000000  67.844522968  0.3492018426  8.0398049355  2400          0.7467614373 
1.0000000000  1.0000000000  0.9938823529  0.7871939736  0.9954303123  0.8201219512  0.7697149204  0.7629629630  76.325088339  0.3528825508  8.0398049355  2700          0.7584176310 
1.0000000000  0.9964664311  0.9952941176  0.7834274953  0.9961919269  0.8125000000  0.7771195853  0.7688888889  84.805653710  0.3373738903  8.0398049355  3000          0.8395200888 
1.0000000000  1.0000000000  0.9981176471  0.7740112994  0.9965727342  0.7957317073  0.7671232877  0.7540740741  93.286219081  0.3420460669  8.0398049355  3300          1.0018058825 
1.0000000000  0.9964664311  0.9952941176  0.7758945386  0.9973343488  0.8170731707  0.7848944835  0.7614814815  101.76678445  0.3361676020  8.0398049355  3600          1.1177935060 
1.0000000000  0.9929328622  0.9901176471  0.7589453861  1.0000000000  0.8140243902  0.7637911884  0.7585185185  110.24734982  0.3423167206  8.0398049355  3900          1.1341795580 
1.0000000000  0.9964664311  0.9938823529  0.7815442561  0.9984767708  0.8094512195  0.7512032581  0.7451851852  118.72791519  0.3454508216  8.0398049355  4200          1.1320219628 
1.0000000000  0.9964664311  0.9981176471  0.7815442561  0.9988575781  0.8125000000  0.7589781562  0.7525925926  127.20848056  0.3220508147  8.0398049355  4500          1.1035081251 
1.0000000000  1.0000000000  0.9985882353  0.7683615819  0.9988575781  0.8003048780  0.7478711588  0.7570370370  135.68904593  0.2977945033  8.0398049355  4800          0.8777873540 
1.0000000000  1.0000000000  0.9962352941  0.7645951036  0.9977151561  0.8125000000  0.7412069604  0.7496296296  141.34275618  0.2808362515  8.0398049355  5000          0.7973515999 
