Environment:
	Python: 3.8.13
	PyTorch: 1.8.1+cu111
	Torchvision: 0.9.1+cu111
	CUDA: 11.1
	CUDNN: 8005
	NumPy: 1.23.3
	PIL: 9.2.0
Args:
	algorithm: ERM_SDViT
	checkpoint_freq: None
	data_dir: ./domainbed/data/
	dataset: PACS
	holdout_fraction: 0.2
	hparams: {"backbone":"DeitSmall","batch_size":32,"lr":5e-05,"resnet_dropout":0.0,"weight_decay":0.0}
	hparams_seed: 0
	output_dir: ./domainbed/PACS/ERM_SDViT_Deit-S/baseline/fb0871fdc42fc7b5a98be4bd495b6888
	save_best_model: True
	save_model_every_checkpoint: False
	seed: 983652059
	skip_model_save: False
	steps: None
	task: domain_generalization
	test_envs: [1]
	trial_seed: 2
	uda_holdout_fraction: 0
HParams:
	CutMix: False
	EMA: False
	EMA_decay: 0.999
	KL_Div_Temperature: 3.0
	RB_loss_weight: 0.5
	backbone: DeitSmall
	batch_size: 32
	class_balanced: False
	data_augmentation: True
	lr: 5e-05
	nonlinear_classifier: False
	resnet18: False
	resnet_dropout: 0.0
	test_env: [1]
	weight_decay: 0.0
device: cuda
Best model upto now
env0_in_acc   env0_out_acc  env1_in_acc   env1_out_acc  env2_in_acc   env2_out_acc  env3_in_acc   env3_out_acc  epoch         loss          mem_gb        step          step_time    
0.2147651007  0.1784841076  0.2089552239  0.2029914530  0.3570359281  0.3053892216  0.2423664122  0.2140127389  0.0000000000  1.9927160740  7.7879266739  0             8.6394026279 
Best model upto now
0.9932885906  0.9608801956  0.7771855011  0.7777777778  0.9992514970  0.9880239521  0.9611959288  0.9031847134  7.1856287425  0.3516452289  8.0368351936  300           0.3948468812 
Best model upto now
0.9969493594  0.9657701711  0.7766524520  0.7927350427  1.0000000000  0.9910179641  0.9853689567  0.9477707006  14.371257485  0.1917370187  8.0384068489  600           0.4351314727 
0.9975594875  0.9657701711  0.7777185501  0.8098290598  1.0000000000  0.9850299401  0.9875954198  0.9375796178  21.556886227  0.1728160786  8.0384068489  900           0.4777828344 
0.9993898719  0.9706601467  0.7697228145  0.7927350427  1.0000000000  0.9910179641  0.9920483461  0.9388535032  28.742514970  0.1564962067  8.0384068489  1200          0.4841408888 
0.9945088469  0.9584352078  0.7665245203  0.7991452991  0.9992514970  0.9820359281  0.9898218830  0.9337579618  35.928143712  0.1501791612  8.0384068489  1500          0.5319008931 
0.9963392312  0.9633251834  0.7675906183  0.8076923077  0.9977544910  0.9700598802  0.9930025445  0.9286624204  43.113772455  0.1419329995  8.0384068489  1800          0.5547367199 
0.9963392312  0.9608801956  0.7771855011  0.8098290598  1.0000000000  0.9850299401  0.9958651399  0.9401273885  50.299401197  0.1435069304  8.0384068489  2100          0.5506278022 
0.9993898719  0.9559902200  0.8011727079  0.8247863248  0.9992514970  0.9940119760  0.9965012723  0.9337579618  57.485029940  0.1324416309  8.0384068489  2400          0.5508166679 
0.9981696156  0.9511002445  0.8176972281  0.8376068376  0.9985029940  0.9880239521  0.9923664122  0.9299363057  64.670658682  0.1282844650  8.0384068489  2700          0.5467816917 
0.9993898719  0.9511002445  0.7905117271  0.8397435897  0.9992514970  0.9880239521  0.9923664122  0.9299363057  71.856287425  0.1330212697  8.0384068489  3000          0.5589176091 
0.9981696156  0.9535452323  0.8038379531  0.8482905983  1.0000000000  0.9970059880  0.9980916031  0.9503184713  79.041916167  0.1231794412  8.0384068489  3300          0.5570540015 
1.0000000000  0.9462102689  0.7809168443  0.8119658120  1.0000000000  0.9790419162  0.9923664122  0.9401273885  86.227544910  0.1169099038  8.0384068489  3600          0.5514891712 
0.9963392312  0.9584352078  0.8128997868  0.8247863248  0.9992514970  0.9790419162  0.9958651399  0.9426751592  93.413173652  0.1107157981  8.0384068489  3900          0.5506149952 
0.9987797437  0.9633251834  0.7910447761  0.8076923077  1.0000000000  0.9790419162  0.9869592875  0.9286624204  100.59880239  0.1076870640  8.0384068489  4200          0.5472374670 
0.9993898719  0.9682151589  0.8176972281  0.8547008547  1.0000000000  0.9910179641  0.9968193384  0.9414012739  107.78443113  0.1047257706  8.0384068489  4500          0.5473586162 
1.0000000000  0.9633251834  0.8251599147  0.8611111111  1.0000000000  0.9820359281  0.9971374046  0.9401273885  114.97005988  0.0977343090  8.0384068489  4800          0.5554313850 
1.0000000000  0.9682151589  0.8043710021  0.8290598291  1.0000000000  0.9850299401  0.9974554707  0.9477707006  119.76047904  0.0983475161  8.0384068489  5000          0.5601498199 
