Environment:
	Python: 3.8.13
	PyTorch: 1.8.1+cu111
	Torchvision: 0.9.1+cu111
	CUDA: 11.1
	CUDNN: 8005
	NumPy: 1.23.3
	PIL: 9.2.0
Args:
	algorithm: ERM_SDViT
	checkpoint_freq: None
	data_dir: ./domainbed/data/
	dataset: VLCS
	holdout_fraction: 0.2
	hparams: {"backbone":"DeitSmall","batch_size":32,"lr":5e-05,"resnet_dropout":0.0,"weight_decay":0.0,"CutMix":"True"}
	hparams_seed: 0
	output_dir: ./domainbed/VLCS/ERM_SDViT_ours/ERM_SDViT_ours_DeiT-small/CutMix/1c2451ef8b8721e9c1f6ce52d7491ee5
	save_best_model: True
	save_model_every_checkpoint: False
	seed: 496968077
	skip_model_save: False
	steps: None
	task: domain_generalization
	test_envs: [3]
	trial_seed: 0
	uda_holdout_fraction: 0
HParams:
	CutMix: True
	EMA: False
	EMA_decay: 0.999
	KL_Div_Temperature: 3.0
	RB_loss_weight: 0.5
	backbone: DeitSmall
	batch_size: 32
	class_balanced: False
	data_augmentation: True
	lr: 5e-05
	nonlinear_classifier: False
	resnet18: False
	resnet_dropout: 0.0
	test_env: [3]
	weight_decay: 0.0
device: cuda
Best model upto now
env0_in_acc   env0_out_acc  env1_in_acc   env1_out_acc  env2_in_acc   env2_out_acc  env3_in_acc   env3_out_acc  epoch         loss          mem_gb        step          step_time    
0.7093639576  0.7137809187  0.5727058824  0.5781544256  0.3728103580  0.3612804878  0.4564975935  0.4622222222  0.0000000000  1.6303553581  7.7879142761  0             1.5612692833 
Best model upto now
1.0000000000  1.0000000000  0.8164705882  0.7683615819  0.8968012186  0.8048780488  0.8037763791  0.7955555556  8.4805653710  0.6110931565  8.0354561806  300           0.8334067202 
Best model upto now
1.0000000000  1.0000000000  0.9049411765  0.8135593220  0.9550647372  0.8292682927  0.8030359126  0.8059259259  16.961130742  0.4738445572  8.0354561806  600           0.8328655958 
1.0000000000  1.0000000000  0.9510588235  0.7928436911  0.9790555979  0.8048780488  0.7723065531  0.7703703704  25.441696113  0.4331412336  8.0383248329  900           0.8272387973 
1.0000000000  1.0000000000  0.9670588235  0.7683615819  0.9897182026  0.8155487805  0.8104405776  0.7807407407  33.922261484  0.3836243125  8.0383248329  1200          0.8508359583 
1.0000000000  1.0000000000  0.9774117647  0.7457627119  0.9893373953  0.8307926829  0.7760088856  0.7822222222  42.402826855  0.3831821462  8.0383248329  1500          0.8446059306 
1.0000000000  1.0000000000  0.9962352941  0.7834274953  0.9939070830  0.8170731707  0.7797112181  0.7718518519  50.883392226  0.3529123081  8.0383248329  1800          0.8593716693 
1.0000000000  1.0000000000  0.9934117647  0.7890772128  0.9961919269  0.8125000000  0.7667530544  0.7807407407  59.363957597  0.3558830009  8.0383248329  2100          0.8553473330 
1.0000000000  1.0000000000  0.9957647059  0.7928436911  0.9977151561  0.7957317073  0.7800814513  0.7881481481  67.844522968  0.3430794495  8.0383248329  2400          0.8692726318 
1.0000000000  1.0000000000  0.9957647059  0.7702448211  0.9984767708  0.8109756098  0.7797112181  0.7703703704  76.325088339  0.3288507304  8.0383248329  2700          0.8788268566 
1.0000000000  1.0000000000  0.9943529412  0.7721280603  0.9988575781  0.8216463415  0.7782302851  0.7703703704  84.805653710  0.2978350475  8.0383248329  3000          0.8698338707 
1.0000000000  1.0000000000  0.9962352941  0.7438794727  0.9969535415  0.8064024390  0.7748981859  0.7762962963  93.286219081  0.3115531310  8.0383248329  3300          0.8485733700 
1.0000000000  1.0000000000  0.9952941176  0.8003766478  0.9969535415  0.8109756098  0.7830433173  0.7792592593  101.76678445  0.3253845717  8.0383248329  3600          0.8361078286 
1.0000000000  1.0000000000  0.9971764706  0.7495291902  0.9984767708  0.7957317073  0.7478711588  0.7525925926  110.24734982  0.3147836179  8.0383248329  3900          0.8657093263 
1.0000000000  1.0000000000  0.9976470588  0.7551789077  0.9969535415  0.8048780488  0.7786005183  0.7600000000  118.72791519  0.3065785424  8.0383248329  4200          0.6656501937 
1.0000000000  1.0000000000  0.9924705882  0.7608286252  0.9946686976  0.7957317073  0.7326915957  0.7288888889  127.20848056  0.3149538273  8.0383248329  4500          0.5606005049 
1.0000000000  1.0000000000  0.9981176471  0.7627118644  0.9973343488  0.8216463415  0.7556460570  0.7525925926  135.68904593  0.3200212506  8.0383248329  4800          0.6922043347 
1.0000000000  1.0000000000  0.9920000000  0.7589453861  0.9961919269  0.8003048780  0.7449092929  0.7466666667  141.34275618  0.2960857543  8.0383248329  5000          0.5305906725 
